1 0.557639 0.55625 0.0208333 0.0958333
0 0.682292 0.522222 0.0145833 0.0833333
5 0.828125 0.503472 0.0409722 0.134722
0 0.658681 0.525694 0.0131944 0.0763889
7 0.827431 0.50625 0.04375 0.1375
0 0.557986 0.514583 0.0215278 0.145833
0 0.874653 0.543056 0.0645833 0.213889
9 0.886806 0.0354167 0.0277778 0.0680556
2 0.786111 0.526389 0.0236111 0.05
11 0.289931 0.277778 0.0576389 0.127778
0 0.94375 0.528472 0.0333333 0.173611
0 0.211111 0.517361 0.0222222 0.165278
0 0.596528 0.529167 0.0527778 0.213889
0 0.260069 0.525 0.0298611 0.152778
1 0.605208 0.595139 0.0756944 0.154167
5 0.729861 0.490972 0.0902778 0.170833
0 0.1625 0.534028 0.0305556 0.259722
1 0.869097 0.609722 0.0895833 0.147222
0 0.35 0.534028 0.0375 0.245833
