2 0.210764 0.4875 0.0548611 0.111111
1 0.307292 0.604861 0.0576389 0.298611
74 0.554861 0.221528 0.0652778 0.1875
1 0.309028 0.664583 0.0375 0.1875
7 0.279861 0.479167 0.0805556 0.2
5 0.210417 0.4875 0.0513889 0.102778
0 0.109375 0.520833 0.0215278 0.113889
1 0.0534722 0.645139 0.106944 0.209722
0 0.376389 0.515278 0.025 0.141667
0 0.565278 0.532639 0.0277778 0.240278
2 0.149306 0.526389 0.0638889 0.0861111
0 0.0385417 0.56875 0.0770833 0.323611
0 0.306944 0.572222 0.0611111 0.336111
0 0.627083 0.568056 0.0652778 0.466667
