2 0.739931 0.502778 0.0326389 0.0472222
1 0.270486 0.572222 0.04375 0.111111
0 0.545833 0.534028 0.0236111 0.140278
0 0.445486 0.520833 0.0243056 0.152778
0 0.929861 0.527083 0.025 0.159722
0 0.413889 0.520139 0.0208333 0.170833
7 0.671528 0.480556 0.111111 0.186111
0 0.0524306 0.552083 0.0798611 0.365278
24 0.0253472 0.495139 0.0395833 0.134722
0 0.890625 0.517361 0.0229167 0.126389
0 0.467014 0.520139 0.0284722 0.173611
0 0.397917 0.597222 0.075 0.505556
1 0.142014 0.573611 0.0895833 0.191667
0 0.243403 0.532639 0.0409722 0.301389
0 0.572222 0.579861 0.0833333 0.465278
2 0.812847 0.579167 0.160417 0.255556
