3 0.73984375 0.503125 0.0328125 0.046875
1 0.2703125 0.571875 0.04375 0.1109375
0 0.54609375 0.534375 0.0234375 0.140625
0 0.4453125 0.52109375 0.02421875 0.153125
0 0.9296875 0.52734375 0.025 0.159375
0 0.4140625 0.5203125 0.02109375 0.17109375
11 0.671875 0.48046875 0.1109375 0.1859375
0 0.05234375 0.55234375 0.0796875 0.365625
4 0.025 0.4953125 0.03984375 0.134375
0 0.890625 0.5171875 0.02265625 0.1265625
0 0.4671875 0.5203125 0.028125 0.1734375
0 0.39765625 0.596875 0.075 0.50546875
1 0.1421875 0.5734375 0.08984375 0.19140625
0 0.24375 0.5328125 0.040625 0.3015625
0 0.571875 0.5796875 0.08359375 0.465625
3 0.8125 0.57890625 0.16015625 0.25546875