0 0.230208 0.4875 0.0215278 0.0777778
0 0.374653 0.563194 0.0451389 0.404167
2 0.283333 0.465278 0.05 0.113889
0 0.221181 0.490972 0.01875 0.0791667
7 0.282639 0.467361 0.0472222 0.1125
0 0.121181 0.495833 0.0201389 0.116667
0 0.382639 0.463194 0.0430556 0.198611
0 0.154514 0.495833 0.01875 0.116667
1 0.410069 0.715278 0.0451389 0.216667
0 0.513194 0.54375 0.0541667 0.281944
0 0.405903 0.584028 0.0743056 0.423611
0 0.308333 0.569444 0.0555556 0.305556
0 0.658681 0.536111 0.0506944 0.325
0 0.899306 0.543056 0.159722 0.897222
