2 0.615625 0.514583 0.04375 0.0486111
11 0.391319 0.432639 0.0256944 0.0458333
0 0.0753472 0.523611 0.0270833 0.194444
7 0.695833 0.498611 0.0361111 0.075
0 0.292361 0.5375 0.025 0.0833333
0 0.247569 0.520139 0.0201389 0.145833
0 0.228819 0.522917 0.0229167 0.159722
0 0.922222 0.5125 0.0152778 0.0805556
0 0.347569 0.499306 0.0201389 0.0847222
5 0.972917 0.557639 0.0527778 0.348611
0 0.906597 0.516667 0.0159722 0.0833333
2 0.639236 0.510417 0.0451389 0.0541667
0 0.588889 0.522222 0.0222222 0.102778
0 0.182639 0.520833 0.025 0.163889
2 0.429514 0.538194 0.178472 0.1375
7 0.790625 0.475 0.122917 0.313889
2 0.534028 0.530556 0.0694444 0.1
