9 0.0368056 0.379167 0.0472222 0.0583333
7 0.745139 0.486806 0.0736111 0.118056
2 0.729167 0.515972 0.0972222 0.1625
26 0.907986 0.516667 0.0256944 0.0555556
0 0.626042 0.525 0.0173611 0.0805556
9 0.319792 0.388889 0.0298611 0.122222
0 0.0944444 0.515972 0.025 0.148611
9 0.472569 0.0861111 0.0659722 0.172222
9 0.522569 0.0819444 0.06875 0.163889
0 0.818056 0.543056 0.0347222 0.194444
0 0.590972 0.523611 0.025 0.138889
0 0.911111 0.538194 0.0333333 0.1875
0 0.0100694 0.541667 0.0201389 0.297222
0 0.798958 0.577778 0.0590278 0.35
0 0.882292 0.536111 0.0340278 0.205556
0 0.116667 0.55625 0.0541667 0.379167
5 0.947917 0.443056 0.104167 0.338889
0 0.249306 0.554861 0.0583333 0.356944
0 0.479861 0.572917 0.0763889 0.345833
2 0.706944 0.552083 0.122222 0.154167
