13 0.03671875 0.37890625 0.046875 0.05859375
11 0.7453125 0.48671875 0.0734375 0.11796875
3 0.72890625 0.515625 0.096875 0.1625
6 0.9078125 0.51640625 0.02578125 0.05546875
0 0.62578125 0.525 0.0171875 0.08046875
13 0.31953125 0.3890625 0.0296875 0.121875
0 0.09453125 0.515625 0.025 0.1484375
13 0.47265625 0.0859375 0.065625 0.171875
13 0.52265625 0.08203125 0.06875 0.1640625
0 0.81796875 0.54296875 0.034375 0.19453125
0 0.590625 0.5234375 0.025 0.1390625
0 0.9109375 0.53828125 0.03359375 0.1875
0 0.01015625 0.54140625 0.0203125 0.296875
0 0.79921875 0.578125 0.059375 0.35
0 0.88203125 0.5359375 0.034375 0.20546875
0 0.11640625 0.55625 0.05390625 0.37890625
9 0.94765625 0.44296875 0.10390625 0.3390625
0 0.24921875 0.5546875 0.05859375 0.35703125
0 0.4796875 0.57265625 0.0765625 0.34609375
3 0.70703125 0.55234375 0.121875 0.15390625