0 0.4125 0.545139 0.0222222 0.0763889
1 0.841667 0.554861 0.0222222 0.0902778
0 0.0263889 0.511806 0.0166667 0.126389
0 0.705208 0.525 0.0131944 0.0833333
1 0.796875 0.545833 0.0229167 0.1
9 0.479167 0.422917 0.0152778 0.0625
0 0.796875 0.541667 0.0215278 0.1
0 0.739236 0.527083 0.0201389 0.1375
0 0.756944 0.528472 0.0208333 0.140278
1 0.538889 0.639583 0.0347222 0.156944
0 0.120486 0.529167 0.0243056 0.141667
0 0.173611 0.528472 0.0263889 0.154167
0 0.0559028 0.530556 0.0326389 0.175
0 0.267361 0.523611 0.0236111 0.119444
0 0.538889 0.558333 0.0486111 0.275
5 0.614931 0.390278 0.164583 0.488889
0 0.890972 0.567361 0.0958333 0.498611
