0 0.4125 0.5453125 0.021875 0.0765625
1 0.84140625 0.5546875 0.021875 0.090625
0 0.0265625 0.51171875 0.01640625 0.1265625
0 0.70546875 0.525 0.01328125 0.08359375
1 0.796875 0.54609375 0.02265625 0.1
13 0.47890625 0.42265625 0.015625 0.0625
0 0.796875 0.54140625 0.021875 0.1
0 0.7390625 0.52734375 0.0203125 0.1375
0 0.75703125 0.528125 0.02109375 0.140625
1 0.5390625 0.63984375 0.034375 0.15703125
0 0.1203125 0.52890625 0.02421875 0.14140625
0 0.1734375 0.528125 0.0265625 0.15390625
0 0.05625 0.53046875 0.0328125 0.175
0 0.2671875 0.5234375 0.0234375 0.11953125
0 0.5390625 0.55859375 0.0484375 0.275
9 0.61484375 0.390625 0.16484375 0.4890625
0 0.890625 0.5671875 0.09609375 0.4984375