0 0.570486 0.523611 0.0159722 0.0722222
1 0.0590278 0.576389 0.05 0.125
0 0.0940972 0.525 0.0576389 0.227778
1 0.726042 0.629167 0.03125 0.125
1 0.133681 0.552778 0.0520833 0.113889
0 0.360069 0.514583 0.0145833 0.109722
1 0.0861111 0.573611 0.105556 0.136111
0 0.522222 0.530556 0.0222222 0.1
0 0.313889 0.517361 0.0208333 0.131944
9 0.521528 0.417361 0.0111111 0.0569444
0 0.259375 0.523611 0.0229167 0.125
0 0.296875 0.536111 0.0243056 0.130556
0 0.418403 0.510417 0.0159722 0.0847222
0 0.985764 0.752083 0.0270833 0.140278
0 0.441667 0.521528 0.0222222 0.1125
2 0.6125 0.530556 0.0625 0.116667
11 0.329514 0.414583 0.0284722 0.0541667
0 0.83125 0.545139 0.05 0.256944
0 0.726042 0.564583 0.0409722 0.240278
0 0.870833 0.536111 0.0430556 0.302778
