0 0.210417 0.490972 0.0138889 0.0541667
0 0.14375 0.502778 0.0152778 0.075
0 0.535764 0.511806 0.0173611 0.0930556
6 0.478819 0.471528 0.0729167 0.181944
5 0.373958 0.4625 0.0479167 0.0833333
0 0.523264 0.5125 0.01875 0.0916667
0 0.171181 0.484722 0.01875 0.0638889
0 0.517708 0.509028 0.0131944 0.0958333
7 0.375 0.463889 0.05 0.0861111
0 0.232639 0.490972 0.0222222 0.0486111
0 0.980208 0.621528 0.0395833 0.556944
0 0.189583 0.511806 0.0194444 0.120833
1 0.634375 0.534722 0.03125 0.0833333
0 0.853125 0.547917 0.0465278 0.3625
5 0.478472 0.475 0.0736111 0.180556
0 0.115625 0.522917 0.0229167 0.148611
0 0.565278 0.522222 0.0291667 0.138889
2 0.288889 0.514583 0.0888889 0.118056
0 0.8 0.570139 0.102778 0.581944
0 0.695486 0.55625 0.0631944 0.395833
