2 0.759028 0.497917 0.0277778 0.0402778
7 0.832292 0.528472 0.100694 0.165278
9 0.814583 0.35625 0.0194444 0.0430556
9 0.684722 0.373611 0.0138889 0.0416667
2 0.667361 0.504861 0.0347222 0.0875
2 0.685417 0.489583 0.0611111 0.0763889
7 0.803125 0.4625 0.0868056 0.177778
2 0.481944 0.530556 0.0513889 0.136111
0 0.297569 0.475694 0.0284722 0.0763889
2 0.936458 0.523611 0.0965278 0.136111
1 0.432292 0.647222 0.0506944 0.197222
2 0.617361 0.511806 0.0805556 0.126389
0 0.429861 0.552083 0.0666667 0.3125
2 0.833681 0.530556 0.0979167 0.161111
2 0.335069 0.553472 0.16875 0.181944
2 0.534722 0.522222 0.0777778 0.111111
0 0.103125 0.570139 0.102083 0.381944
1 0.110764 0.673611 0.125694 0.263889
