3 0.759375 0.49765625 0.028125 0.040625
11 0.83203125 0.528125 0.10078125 0.165625
13 0.81484375 0.35625 0.01953125 0.04296875
13 0.684375 0.3734375 0.0140625 0.04140625
3 0.6671875 0.5046875 0.034375 0.0875
3 0.68515625 0.48984375 0.0609375 0.0765625
11 0.803125 0.4625 0.08671875 0.178125
3 0.48203125 0.53046875 0.0515625 0.1359375
0 0.29765625 0.47578125 0.028125 0.0765625
3 0.93671875 0.5234375 0.096875 0.1359375
1 0.43203125 0.646875 0.05078125 0.196875
3 0.6171875 0.51171875 0.08046875 0.1265625
0 0.4296875 0.55234375 0.06640625 0.3125
3 0.83359375 0.53046875 0.09765625 0.1609375
3 0.33515625 0.553125 0.16875 0.18203125
3 0.534375 0.521875 0.078125 0.1109375
0 0.103125 0.5703125 0.10234375 0.38203125
1 0.1109375 0.6734375 0.12578125 0.2640625