0 0.427083 0.446528 0.0222222 0.0430556
0 0.160069 0.488194 0.0215278 0.179167
0 0.429514 0.45625 0.0340278 0.0652778
0 0.451042 0.470139 0.01875 0.0708333
1 0.503819 0.586111 0.0298611 0.116667
0 0.367361 0.430556 0.0194444 0.0388889
5 0.780903 0.409028 0.0784722 0.115278
7 0.693056 0.460417 0.0513889 0.0902778
0 0.876389 0.519444 0.0319444 0.188889
7 0.588542 0.504167 0.121528 0.180556
0 0.504167 0.533333 0.0402778 0.216667
0 0.222222 0.483333 0.0263889 0.147222
0 0.910764 0.517361 0.03125 0.1875
0 0.947222 0.540972 0.0458333 0.306944
0 0.0805556 0.547222 0.0597222 0.327778
2 0.786806 0.589583 0.172222 0.259722
2 0.316667 0.631944 0.35 0.375
