0 0.42734375 0.446875 0.021875 0.04296875
0 0.16015625 0.48828125 0.021875 0.17890625
0 0.4296875 0.45625 0.034375 0.065625
0 0.45078125 0.4703125 0.01875 0.07109375
1 0.50390625 0.5859375 0.0296875 0.11640625
0 0.3671875 0.43046875 0.01953125 0.0390625
9 0.78125 0.409375 0.078125 0.115625
11 0.69296875 0.46015625 0.0515625 0.090625
0 0.8765625 0.51953125 0.03203125 0.1890625
11 0.58828125 0.50390625 0.121875 0.18046875
0 0.50390625 0.53359375 0.040625 0.21640625
0 0.221875 0.48359375 0.0265625 0.146875
0 0.9109375 0.5171875 0.03125 0.1875
0 0.946875 0.540625 0.04609375 0.30703125
0 0.08046875 0.546875 0.059375 0.328125
3 0.78671875 0.58984375 0.171875 0.259375
3 0.31640625 0.63203125 0.35 0.375