0 0.610764 0.529167 0.0145833 0.0833333
2 0.556944 0.528472 0.0208333 0.0375
0 0.706944 0.525694 0.0194444 0.115278
38 0.179514 0.548611 0.0284722 0.133333
0 0.679861 0.522222 0.0180556 0.075
11 0.214583 0.359722 0.0305556 0.0722222
0 0.673611 0.527778 0.0111111 0.0722222
0 0.632292 0.538889 0.0229167 0.136111
0 0.234375 0.527083 0.0201389 0.151389
0 0.180208 0.547917 0.0298611 0.143056
0 0.902083 0.530556 0.0347222 0.205556
0 0.825347 0.521528 0.0229167 0.159722
0 0.972222 0.55625 0.0388889 0.270833
0 0.110069 0.530556 0.0354167 0.158333
0 0.780208 0.541667 0.0423611 0.261111
