2 0.325 0.5125 0.0777778 0.105556
1 0.526736 0.524306 0.0243056 0.126389
7 0.478125 0.464583 0.0756944 0.220833
2 0.475694 0.513194 0.0722222 0.104167
9 0.328125 0.367361 0.0159722 0.0486111
2 0.381597 0.497222 0.03125 0.0611111
2 0.290625 0.501389 0.0548611 0.105556
2 0.360417 0.500694 0.0541667 0.0680556
5 0.480556 0.460417 0.0694444 0.206944
0 0.115278 0.490972 0.0208333 0.0708333
2 0.590278 0.504167 0.1125 0.0861111
0 0.525347 0.513194 0.0284722 0.143056
2 0.788194 0.552083 0.315278 0.204167
2 0.930903 0.661111 0.138194 0.319444
2 0.233333 0.509028 0.102778 0.159722
