0 0.0609375 0.45390625 0.07109375 0.33046875
7 0.6703125 0.578125 0.04375 0.146875
0 0.7625 0.5734375 0.04609375 0.35859375
0 0.13125 0.540625 0.02265625 0.12109375
0 0.6171875 0.55 0.03203125 0.2359375
0 0.97578125 0.67734375 0.0484375 0.634375
0 0.04296875 0.53671875 0.084375 0.509375
9 0.43203125 0.4875 0.11171875 0.2609375
1 0.05546875 0.85234375 0.1109375 0.2953125
13 0.19765625 0.33828125 0.02578125 0.12109375
0 0.71875 0.58203125 0.109375 0.45859375
0 0.5828125 0.565625 0.05 0.3109375
0 0.4890625 0.634375 0.071875 0.471875