0 0.376389 0.53125 0.0402778 0.126389
1 0.368403 0.555556 0.0479167 0.113889
0 0.536111 0.565278 0.0625 0.102778
0 0.423958 0.520833 0.0215278 0.105556
0 0.489236 0.576389 0.0618056 0.111111
1 0.971528 0.546528 0.0486111 0.1125
0 0.692014 0.525 0.0229167 0.138889
0 0.389931 0.502083 0.01875 0.0791667
0 0.366319 0.516667 0.0229167 0.108333
0 0.899306 0.516667 0.0222222 0.144444
0 0.968403 0.526389 0.0270833 0.138889
1 0.487847 0.582639 0.0645833 0.101389
7 0.595486 0.497222 0.0590278 0.127778
0 0.333333 0.536111 0.0402778 0.166667
1 0.535069 0.571528 0.0715278 0.0986111
1 0.341667 0.577083 0.0611111 0.1125
0 0.544792 0.527778 0.03125 0.127778
0 0.09375 0.516667 0.0222222 0.133333
0 0.495486 0.522222 0.0368056 0.147222
0 0.724306 0.53125 0.0416667 0.229167
0 0.165625 0.518056 0.0256944 0.15
0 0.930208 0.525694 0.04375 0.231944
0 0.11875 0.527083 0.0333333 0.204167
0 0.0461806 0.535417 0.0479167 0.268056
0 0.6375 0.560417 0.0444444 0.256944
0 0.864931 0.554861 0.0784722 0.393056
