0 0.977778 0.507639 0.0444444 0.456944
0 0.513194 0.511806 0.0236111 0.140278
0 0.140625 0.511806 0.0243056 0.1125
0 0.527083 0.51875 0.0277778 0.154167
0 0.486806 0.5125 0.0222222 0.113889
6 0.378125 0.466667 0.115972 0.3
5 0.377431 0.466667 0.117361 0.302778
9 0.842014 0.107639 0.0743056 0.206944
2 0.307292 0.501389 0.0229167 0.0388889
7 0.233681 0.503472 0.05625 0.0930556
9 0.746875 0.102778 0.0520833 0.188889
0 0.689931 0.554861 0.0451389 0.3125
2 0.278819 0.5 0.0340278 0.0527778
0 0.605208 0.518056 0.0354167 0.205556
2 0.0659722 0.547917 0.129167 0.243056
0 0.89375 0.555556 0.0652778 0.441667
0 0.7875 0.552083 0.122222 0.598611
0 0.645139 0.536111 0.0513889 0.308333
