0 0.97734375 0.50703125 0.0453125 0.4578125
0 0.51328125 0.51171875 0.0234375 0.140625
0 0.140625 0.51171875 0.02421875 0.1125
0 0.52734375 0.51875 0.028125 0.15390625
0 0.48671875 0.5125 0.021875 0.1140625
10 0.378125 0.46640625 0.115625 0.3
9 0.37734375 0.46640625 0.1171875 0.303125
13 0.8421875 0.1078125 0.07421875 0.20703125
3 0.30703125 0.5015625 0.02265625 0.0390625
11 0.23359375 0.503125 0.05625 0.09296875
13 0.746875 0.103125 0.05234375 0.1890625
0 0.68984375 0.5546875 0.0453125 0.3125
3 0.27890625 0.5 0.034375 0.053125
0 0.60546875 0.51796875 0.03515625 0.20546875
3 0.065625 0.54765625 0.12890625 0.24296875
0 0.89375 0.55546875 0.065625 0.44140625
0 0.7875 0.55234375 0.121875 0.5984375
0 0.6453125 0.5359375 0.0515625 0.30859375