3 0.847222 0.585417 0.0972222 0.1125
0 0.709028 0.511806 0.0194444 0.0819444
0 0.849653 0.578472 0.09375 0.131944
1 0.627083 0.547917 0.0291667 0.179167
0 0.691667 0.524306 0.0166667 0.0680556
0 0.985417 0.535417 0.025 0.1375
0 0.798264 0.511111 0.0131944 0.0638889
1 0.847917 0.586111 0.0944444 0.122222
9 0.975 0.140972 0.0208333 0.0680556
0 0.740972 0.524306 0.0347222 0.131944
0 0.626389 0.538889 0.0305556 0.177778
0 0.847917 0.538889 0.0583333 0.163889
9 0.936111 0.147917 0.0194444 0.0625
9 0.620833 0.297917 0.0430556 0.143056
1 0.735069 0.569444 0.0631944 0.102778
9 0.665278 0.295833 0.0388889 0.152778
2 0.947222 0.540278 0.0916667 0.122222
0 0.458681 0.496528 0.0215278 0.104167
0 0.0184028 0.55625 0.0368056 0.370833
0 0.356597 0.538194 0.0326389 0.234722
0 0.0822917 0.559722 0.0590278 0.363889
2 0.527083 0.577778 0.197222 0.219444
