2 0.18125 0.573611 0.281944 0.269444
2 0.228472 0.620833 0.161111 0.205556
0 0.456597 0.527778 0.0256944 0.136111
0 0.354167 0.525 0.0138889 0.0833333
0 0.801736 0.534722 0.0256944 0.141667
1 0.871875 0.625 0.0520833 0.169444
0 0.0986111 0.561111 0.127778 0.877778
0 0.736111 0.5375 0.0361111 0.183333
0 0.867014 0.536806 0.06875 0.240278
2 0.583333 0.541667 0.119444 0.169444
2 0.496875 0.531944 0.0868056 0.0888889
2 0.246528 0.538194 0.191667 0.201389
0 0.683333 0.554861 0.0763889 0.281944
1 0.683681 0.636111 0.124306 0.2
2 0.942361 0.538194 0.115278 0.143056
