3 0.18125 0.5734375 0.28203125 0.26953125
3 0.228125 0.62109375 0.1609375 0.20546875
0 0.45625 0.528125 0.02578125 0.1359375
0 0.35390625 0.525 0.0140625 0.08359375
0 0.8015625 0.534375 0.02578125 0.14140625
1 0.871875 0.625 0.05234375 0.16953125
0 0.0984375 0.5609375 0.128125 0.878125
0 0.7359375 0.5375 0.0359375 0.18359375
0 0.8671875 0.53671875 0.06875 0.240625
3 0.58359375 0.54140625 0.11953125 0.16953125
3 0.496875 0.53203125 0.08671875 0.0890625
3 0.246875 0.53828125 0.19140625 0.2015625
0 0.68359375 0.5546875 0.0765625 0.28203125
1 0.68359375 0.6359375 0.12421875 0.2
3 0.9421875 0.53828125 0.115625 0.14296875