2 0.74375 0.509722 0.0430556 0.0833333
0 0.813542 0.45625 0.0159722 0.0347222
0 0.855903 0.452778 0.01875 0.0361111
2 0.759722 0.5125 0.0416667 0.0833333
7 0.683681 0.470833 0.0756944 0.230556
5 0.684028 0.469444 0.0722222 0.219444
2 0.536806 0.492361 0.0527778 0.0902778
2 0.839583 0.532639 0.0736111 0.129167
0 0.49375 0.547222 0.0736111 0.305556
2 0.78125 0.517361 0.0763889 0.0930556
1 0.471528 0.633333 0.131944 0.197222
0 0.0496528 0.523611 0.0284722 0.183333
3 0.146528 0.727083 0.129167 0.351389
0 0.615972 0.575 0.144444 0.483333
2 0.922569 0.550694 0.153472 0.156944
0 0.151389 0.570139 0.108333 0.448611
3 0.610764 0.706944 0.274306 0.408333
2 0.360417 0.526389 0.193056 0.133333
