13 0.43828125 0.2546875 0.01875 0.06796875
0 0.234375 0.5 0.015625 0.09453125
0 0.2671875 0.4953125 0.01171875 0.06796875
0 0.17109375 0.5046875 0.015625 0.059375
0 0.2 0.4921875 0.01953125 0.11796875
0 0.62265625 0.4921875 0.028125 0.18203125
0 0.70859375 0.51328125 0.021875 0.10703125
0 0.64765625 0.490625 0.0296875 0.17109375
0 0.5296875 0.5046875 0.021875 0.115625
11 0.421875 0.509375 0.2 0.14609375
0 0.009375 0.4984375 0.01796875 0.121875
0 0.5859375 0.4875 0.03984375 0.20859375
1 0.95234375 0.6125 0.09296875 0.2109375