0 0.638542 0.520139 0.05625 0.151389
2 0.153125 0.503472 0.0284722 0.0430556
0 0.607292 0.531944 0.0243056 0.144444
7 0.191319 0.482639 0.05625 0.0958333
7 0.250347 0.498611 0.0520833 0.213889
2 0.0927083 0.5125 0.0659722 0.075
0 0.565625 0.493056 0.01875 0.0805556
2 0.317361 0.511111 0.0319444 0.0666667
0 0.251389 0.522917 0.0375 0.201389
0 0.55 0.490278 0.0152778 0.0555556
2 0.0659722 0.513889 0.0722222 0.075
0 0.587847 0.516667 0.0201389 0.136111
2 0.11875 0.505556 0.0416667 0.0611111
2 0.0291667 0.518056 0.0527778 0.0916667
0 0.619097 0.534028 0.0256944 0.148611
0 0.781597 0.527778 0.0270833 0.191667
2 0.0194444 0.566667 0.0361111 0.180556
2 0.357986 0.519444 0.0729167 0.127778
0 0.933681 0.541667 0.0493056 0.280556
0 0.654167 0.519444 0.025 0.166667
0 0.882986 0.535417 0.0368056 0.229167
2 0.461111 0.540278 0.226389 0.172222
