0 0.63828125 0.5203125 0.05625 0.1515625
3 0.153125 0.503125 0.028125 0.04296875
0 0.60703125 0.53203125 0.02421875 0.14453125
11 0.19140625 0.4828125 0.05625 0.09609375
11 0.25 0.4984375 0.05234375 0.2140625
3 0.09296875 0.5125 0.065625 0.075
0 0.565625 0.49296875 0.01875 0.08046875
3 0.3171875 0.5109375 0.03203125 0.06640625
0 0.2515625 0.52265625 0.0375 0.2015625
0 0.55 0.490625 0.015625 0.05546875
3 0.065625 0.5140625 0.071875 0.075
0 0.5875 0.51640625 0.0203125 0.1359375
3 0.11875 0.50546875 0.04140625 0.0609375
3 0.02890625 0.51796875 0.053125 0.09140625
0 0.61875 0.534375 0.02578125 0.1484375
0 0.78125 0.528125 0.02734375 0.19140625
3 0.01953125 0.56640625 0.0359375 0.18046875
3 0.3578125 0.51953125 0.07265625 0.128125
0 0.93359375 0.54140625 0.04921875 0.28046875
0 0.65390625 0.51953125 0.025 0.16640625
0 0.8828125 0.53515625 0.03671875 0.22890625
3 0.4609375 0.540625 0.2265625 0.171875