2 0.567014 0.542361 0.0409722 0.123611
2 0.893403 0.521528 0.0534722 0.123611
2 0.658681 0.488194 0.03125 0.0736111
7 0.520833 0.513889 0.118056 0.222222
7 0.61875 0.484028 0.0541667 0.123611
2 0.885764 0.514583 0.0326389 0.0736111
0 0.912153 0.525694 0.04375 0.259722
0 0.957292 0.500694 0.0215278 0.165278
0 0.989931 0.576389 0.0201389 0.288889
0 0.204861 0.490972 0.0708333 0.2125
2 0.605208 0.530556 0.0493056 0.0916667
2 0.759722 0.586806 0.215278 0.373611
2 0.407986 0.597222 0.202083 0.272222
