26 0.167361 0.492361 0.0291667 0.0819444
7 0.733333 0.497917 0.0638889 0.184722
1 0.0138889 0.581944 0.0263889 0.0972222
0 0.940972 0.513194 0.0208333 0.170833
0 0.7625 0.569444 0.0430556 0.369444
0 0.874653 0.511806 0.0229167 0.134722
0 0.446875 0.511806 0.0215278 0.126389
0 0.832292 0.541667 0.0395833 0.269444
0 0.495486 0.547917 0.0631944 0.254167
0 0.693403 0.540278 0.0381944 0.180556
2 0.631944 0.521528 0.0361111 0.0708333
0 0.373611 0.549306 0.0472222 0.243056
0 0.987847 0.527778 0.0243056 0.227778
3 0.499306 0.605556 0.15 0.2
0 0.905556 0.526389 0.0458333 0.236111
2 0.576389 0.529167 0.0819444 0.144444
0 0.265278 0.545139 0.0458333 0.318056
0 0.171875 0.543056 0.0395833 0.3
0 0.790278 0.583333 0.102778 0.427778
