6 0.1671875 0.4921875 0.02890625 0.08203125
11 0.73359375 0.49765625 0.0640625 0.184375
1 0.0140625 0.58203125 0.0265625 0.096875
0 0.940625 0.51328125 0.02109375 0.17109375
0 0.7625 0.56953125 0.04296875 0.36953125
0 0.875 0.51171875 0.02265625 0.134375
0 0.446875 0.51171875 0.021875 0.1265625
0 0.83203125 0.54140625 0.03984375 0.26953125
0 0.4953125 0.54765625 0.06328125 0.25390625
0 0.69375 0.540625 0.03828125 0.18046875
3 0.63203125 0.521875 0.0359375 0.07109375
0 0.3734375 0.54921875 0.046875 0.24296875
0 0.9875 0.528125 0.02421875 0.228125
7 0.49921875 0.60546875 0.15 0.2
0 0.90546875 0.5265625 0.04609375 0.2359375
3 0.5765625 0.52890625 0.08203125 0.14453125
0 0.265625 0.5453125 0.04609375 0.31796875
0 0.171875 0.54296875 0.03984375 0.3
0 0.790625 0.58359375 0.103125 0.428125