2 0.297569 0.545833 0.0951389 0.294444
2 0.390625 0.505556 0.0298611 0.0666667
0 0.994444 0.535417 0.0111111 0.170833
2 0.435764 0.438194 0.0590278 0.0736111
0 0.272222 0.435417 0.0208333 0.0513889
0 0.721528 0.520139 0.0236111 0.145833
1 0.152778 0.535417 0.0347222 0.0708333
24 0.0961806 0.481944 0.0881944 0.208333
2 0.231597 0.548611 0.107639 0.186111
0 0.732639 0.520833 0.0236111 0.155556
0 0.307986 0.565278 0.0743056 0.383333
0 0.0295139 0.547917 0.0381944 0.2125
3 0.306597 0.688194 0.0631944 0.254167
2 0.647569 0.542361 0.110417 0.204167
0 0.819792 0.532639 0.0381944 0.2125
0 0.775347 0.534028 0.0395833 0.226389
0 0.882986 0.54375 0.0618056 0.3625
5 0.530556 0.431944 0.133333 0.361111
0 0.0798611 0.603472 0.133333 0.779167
2 0.454167 0.573611 0.131944 0.230556
