3 0.29765625 0.54609375 0.0953125 0.29453125
3 0.390625 0.50546875 0.0296875 0.06640625
0 0.99453125 0.53515625 0.0109375 0.17109375
3 0.4359375 0.43828125 0.059375 0.0734375
0 0.271875 0.43515625 0.02109375 0.0515625
0 0.721875 0.5203125 0.0234375 0.14609375
1 0.153125 0.53515625 0.034375 0.07109375
4 0.09609375 0.48203125 0.08828125 0.20859375
3 0.23125 0.5484375 0.1078125 0.1859375
0 0.7328125 0.52109375 0.0234375 0.15546875
0 0.3078125 0.565625 0.07421875 0.38359375
0 0.0296875 0.54765625 0.03828125 0.2125
7 0.30625 0.68828125 0.06328125 0.25390625
3 0.64765625 0.5421875 0.11015625 0.20390625
0 0.81953125 0.5328125 0.03828125 0.2125
0 0.775 0.534375 0.03984375 0.2265625
0 0.8828125 0.54375 0.06171875 0.3625
9 0.53046875 0.43203125 0.13359375 0.3609375
0 0.0796875 0.603125 0.13359375 0.77890625
3 0.45390625 0.5734375 0.13203125 0.23046875