0 0.929514 0.513194 0.0118056 0.0652778
2 0.707986 0.505556 0.0381944 0.0527778
0 0.933333 0.515972 0.0194444 0.0986111
0 0.941667 0.522222 0.0236111 0.122222
9 0.809028 0.292361 0.0125 0.0625
2 0.127083 0.523611 0.0541667 0.0805556
0 0.680556 0.538889 0.0319444 0.125
2 0.065625 0.581944 0.129861 0.263889
0 0.312153 0.511806 0.0173611 0.0930556
0 0.594792 0.529167 0.0256944 0.141667
0 0.400347 0.528472 0.0284722 0.151389
0 0.357639 0.518056 0.0180556 0.0916667
2 0.762847 0.514583 0.111806 0.0736111
2 0.500347 0.511806 0.102083 0.0763889
0 0.858681 0.533333 0.0340278 0.166667
0 0.2625 0.523611 0.025 0.130556
