0 0.522569 0.525694 0.0159722 0.118056
7 0.687153 0.538889 0.109028 0.116667
0 0.686458 0.542361 0.0631944 0.129167
7 0.565972 0.504861 0.0930556 0.145833
0 0.471875 0.527778 0.0145833 0.0805556
0 0.798264 0.534722 0.0173611 0.075
2 0.686458 0.534028 0.124306 0.1125
11 0.330208 0.404167 0.0368056 0.0694444
0 0.432986 0.514583 0.0173611 0.109722
0 0.496875 0.522222 0.0173611 0.1
0 0.678819 0.552083 0.0270833 0.109722
0 0.395833 0.526389 0.0208333 0.152778
0 0.777431 0.522917 0.0131944 0.0819444
0 0.983681 0.529167 0.0326389 0.213889
5 0.567014 0.501389 0.0965278 0.144444
0 0.478472 0.523611 0.0152778 0.0861111
0 0.454167 0.53125 0.0152778 0.0902778
0 0.910764 0.527083 0.0215278 0.140278
0 0.880208 0.528472 0.0229167 0.148611
0 0.378819 0.533333 0.0201389 0.155556
0 0.237153 0.53125 0.0270833 0.190278
0 0.413889 0.528472 0.0236111 0.129167
