0 0.52265625 0.52578125 0.015625 0.11796875
11 0.6875 0.5390625 0.109375 0.11640625
0 0.68671875 0.5421875 0.06328125 0.12890625
11 0.565625 0.5046875 0.09296875 0.14609375
0 0.471875 0.528125 0.01484375 0.08046875
0 0.7984375 0.534375 0.0171875 0.075
3 0.68671875 0.534375 0.12421875 0.1125
2 0.33046875 0.40390625 0.03671875 0.06953125
0 0.4328125 0.51484375 0.0171875 0.109375
0 0.496875 0.521875 0.0171875 0.1
0 0.67890625 0.55234375 0.02734375 0.109375
0 0.39609375 0.5265625 0.02109375 0.153125
0 0.77734375 0.52265625 0.01328125 0.08203125
0 0.98359375 0.52890625 0.0328125 0.2140625
9 0.5671875 0.5015625 0.096875 0.14453125
0 0.478125 0.5234375 0.015625 0.0859375
0 0.45390625 0.53125 0.015625 0.090625
0 0.9109375 0.52734375 0.021875 0.140625
0 0.88046875 0.528125 0.02265625 0.1484375
0 0.37890625 0.53359375 0.0203125 0.15546875
0 0.2375 0.53125 0.02734375 0.190625
0 0.4140625 0.528125 0.0234375 0.12890625