9 0.0579861 0.348611 0.03125 0.138889
0 0.377083 0.531944 0.0125 0.0666667
7 0.611111 0.499306 0.108333 0.215278
0 0.399653 0.520139 0.0215278 0.0986111
26 0.859028 0.617361 0.0333333 0.0625
2 0.470486 0.534028 0.0673611 0.1125
0 0.292361 0.525694 0.0208333 0.134722
0 0.0388889 0.467361 0.0277778 0.0847222
7 0.474653 0.509028 0.0701389 0.159722
0 0.228472 0.493056 0.0180556 0.0861111
9 0.281597 0.383333 0.0229167 0.0805556
0 0.722917 0.517361 0.0236111 0.0930556
5 0.617014 0.499306 0.128472 0.218056
0 0.65625 0.544444 0.0472222 0.213889
3 0.659028 0.610417 0.0333333 0.131944
0 0.197569 0.48125 0.0256944 0.0847222
0 0.765972 0.545833 0.0208333 0.127778
2 0.152083 0.571528 0.215278 0.190278
0 0.871875 0.546528 0.0479167 0.290278
2 0.0795139 0.596528 0.157639 0.248611
