13 0.0578125 0.3484375 0.03125 0.1390625
0 0.37734375 0.53203125 0.0125 0.06640625
11 0.6109375 0.49921875 0.10859375 0.215625
0 0.4 0.5203125 0.021875 0.0984375
6 0.859375 0.6171875 0.03359375 0.0625
3 0.4703125 0.534375 0.0671875 0.1125
0 0.2921875 0.52578125 0.02109375 0.134375
0 0.0390625 0.4671875 0.028125 0.084375
11 0.475 0.509375 0.0703125 0.159375
0 0.228125 0.49296875 0.01796875 0.0859375
13 0.28125 0.38359375 0.02265625 0.08046875
0 0.72265625 0.5171875 0.0234375 0.09296875
9 0.6171875 0.49921875 0.128125 0.21796875
0 0.65625 0.54453125 0.046875 0.2140625
7 0.659375 0.61015625 0.03359375 0.13203125
0 0.19765625 0.48125 0.02578125 0.084375
0 0.765625 0.54609375 0.02109375 0.128125
3 0.15234375 0.571875 0.215625 0.190625
0 0.871875 0.546875 0.04765625 0.290625
3 0.0796875 0.596875 0.1578125 0.2484375