2 0.513542 0.509028 0.0395833 0.0652778
0 0.287847 0.521528 0.0229167 0.106944
7 0.336806 0.488889 0.0986111 0.119444
5 0.336111 0.489583 0.1 0.129167
2 0.516667 0.488194 0.0388889 0.0347222
0 0.760417 0.518056 0.0277778 0.158333
0 0.732292 0.49375 0.01875 0.0902778
0 0.502431 0.521528 0.0159722 0.0791667
0 0.711458 0.495139 0.0173611 0.0736111
0 0.0236111 0.533333 0.0472222 0.302778
0 0.902431 0.525 0.0368056 0.238889
0 0.925347 0.514583 0.0326389 0.254167
2 0.252083 0.520833 0.0638889 0.0888889
3 0.0802083 0.833333 0.159028 0.333333
2 0.464931 0.51875 0.0423611 0.0763889
2 0.121528 0.565972 0.201389 0.318056
2 0.551389 0.520833 0.0902778 0.0777778
2 0.662153 0.565278 0.189583 0.15
