0 0.907292 0.530556 0.0201389 0.0833333
0 0.336458 0.510417 0.0145833 0.0763889
1 0.907639 0.533333 0.025 0.0722222
0 0.891667 0.526389 0.0152778 0.0944444
0 0.352431 0.484722 0.0229167 0.125
0 0.253819 0.522917 0.0173611 0.106944
2 0.580208 0.494444 0.0270833 0.0777778
7 0.580556 0.488889 0.0291667 0.0888889
0 0.345139 0.513194 0.0152778 0.0930556
7 0.661458 0.476389 0.0993056 0.127778
0 0.139236 0.547917 0.0298611 0.115278
0 0.107639 0.522917 0.0319444 0.168056
2 0.534028 0.525694 0.0694444 0.140278
0 0.278472 0.515278 0.0208333 0.127778
0 0.0361111 0.527778 0.0444444 0.208333
2 0.793403 0.535417 0.117361 0.115278
2 0.434722 0.554861 0.143056 0.218056
2 0.69375 0.603472 0.173611 0.245833
