0 0.90703125 0.53046875 0.0203125 0.08359375
0 0.33671875 0.51015625 0.01484375 0.0765625
1 0.9078125 0.53359375 0.025 0.071875
0 0.89140625 0.5265625 0.015625 0.09453125
0 0.35234375 0.484375 0.02265625 0.125
0 0.25390625 0.52265625 0.0171875 0.10703125
3 0.58046875 0.49453125 0.02734375 0.078125
11 0.58046875 0.4890625 0.02890625 0.0890625
0 0.3453125 0.51328125 0.015625 0.09296875
11 0.66171875 0.4765625 0.09921875 0.128125
0 0.1390625 0.54765625 0.0296875 0.115625
0 0.1078125 0.52265625 0.03203125 0.16796875
3 0.534375 0.52578125 0.06953125 0.140625
0 0.278125 0.515625 0.02109375 0.128125
0 0.0359375 0.528125 0.04453125 0.20859375
3 0.79375 0.53515625 0.1171875 0.115625
3 0.434375 0.5546875 0.14296875 0.21796875
3 0.69375 0.603125 0.1734375 0.24609375