0 0.788194 0.522917 0.025 0.170833
0 0.596181 0.561111 0.103472 0.147222
9 0.319444 0.366667 0.0263889 0.0888889
0 0.595139 0.532639 0.0569444 0.165278
3 0.597222 0.567361 0.106944 0.1375
2 0.546875 0.525 0.0701389 0.113889
0 0.136458 0.530556 0.0326389 0.213889
3 0.821528 0.679861 0.0722222 0.209722
0 0.167014 0.542361 0.0368056 0.240278
0 0.460764 0.513889 0.0229167 0.125
2 0.675347 0.544444 0.0993056 0.147222
0 0.213194 0.538889 0.0541667 0.275
0 0.819792 0.581944 0.0798611 0.386111
0 0.26875 0.530556 0.0333333 0.225
0 0.900347 0.5375 0.0395833 0.225
0 0.102083 0.547222 0.0625 0.352778
