2 0.0329861 0.517361 0.0395833 0.0402778
2 0.423264 0.516667 0.0354167 0.0777778
9 0.967708 0.4375 0.0131944 0.0277778
0 0.778125 0.543056 0.0215278 0.130556
7 0.307639 0.509028 0.123611 0.218056
2 0.397917 0.513194 0.0666667 0.0958333
0 0.70625 0.504861 0.0111111 0.0569444
0 0.766319 0.565972 0.0326389 0.170833
0 0.729861 0.507639 0.0152778 0.0625
0 0.915625 0.552083 0.0270833 0.195833
2 0.281597 0.549306 0.129861 0.193056
5 0.501042 0.409722 0.0951389 0.213889
2 0.592014 0.534722 0.0840278 0.0972222
0 0.858333 0.551389 0.0347222 0.219444
2 0.671181 0.553472 0.159028 0.104167
2 0.150347 0.533333 0.171528 0.122222
2 0.494792 0.584722 0.129861 0.213889
