3 0.0328125 0.5171875 0.03984375 0.040625
3 0.4234375 0.51640625 0.03515625 0.078125
13 0.96796875 0.4375 0.01328125 0.028125
0 0.778125 0.54296875 0.021875 0.13046875
11 0.3078125 0.509375 0.1234375 0.21796875
3 0.39765625 0.51328125 0.06640625 0.09609375
0 0.70625 0.5046875 0.0109375 0.05703125
0 0.76640625 0.565625 0.0328125 0.17109375
0 0.7296875 0.5078125 0.015625 0.0625
0 0.915625 0.55234375 0.02734375 0.19609375
3 0.28125 0.54921875 0.1296875 0.19296875
9 0.50078125 0.409375 0.0953125 0.2140625
3 0.5921875 0.534375 0.084375 0.096875
0 0.85859375 0.5515625 0.034375 0.21953125
3 0.67109375 0.553125 0.159375 0.10390625
3 0.15 0.53359375 0.171875 0.121875
3 0.49453125 0.584375 0.1296875 0.2140625