0 0.486806 0.488194 0.0388889 0.1125
2 0.440278 0.516667 0.0555556 0.0833333
11 0.344097 0.419444 0.0229167 0.0444444
0 0.455556 0.457639 0.025 0.0597222
0 0.536458 0.517361 0.0368056 0.143056
0 0.781944 0.454167 0.0194444 0.0472222
0 0.319792 0.509722 0.0215278 0.136111
3 0.539583 0.560417 0.0611111 0.1125
1 0.538194 0.559722 0.0625 0.113889
0 0.484375 0.542361 0.0395833 0.193056
3 0.483333 0.582639 0.0402778 0.131944
1 0.923611 0.729167 0.0597222 0.266667
2 0.684375 0.559722 0.188194 0.227778
2 0.812847 0.527083 0.0729167 0.0958333
2 0.137847 0.527083 0.272917 0.226389
0 0.91875 0.569444 0.0958333 0.461111
