0 0.680556 0.561806 0.0194444 0.109722
0 0.691319 0.563889 0.0215278 0.116667
9 0.436111 0.395139 0.0208333 0.115278
0 0.702431 0.566667 0.0243056 0.127778
9 0.892014 0.330556 0.0256944 0.169444
2 0.568056 0.545139 0.0263889 0.0319444
0 0.793056 0.600694 0.0222222 0.126389
0 0.858681 0.611111 0.0354167 0.266667
2 0.536806 0.538889 0.0416667 0.05
9 0.826389 0.334722 0.0361111 0.169444
0 0.307986 0.531944 0.01875 0.122222
9 0.864236 0.329861 0.0423611 0.181944
0 0.833333 0.615278 0.0416667 0.269444
9 0.413889 0.394444 0.0277778 0.111111
5 0.628819 0.515278 0.0770833 0.197222
0 0.757986 0.605556 0.0368056 0.177778
0 0.104514 0.545139 0.0340278 0.229167
0 0.138194 0.552083 0.0444444 0.201389
