7 0.564931 0.493056 0.0340278 0.0722222
7 0.613889 0.500694 0.0513889 0.0680556
2 0.565278 0.49375 0.0347222 0.0708333
1 0.45 0.567361 0.0319444 0.115278
2 0.511458 0.495139 0.0701389 0.101389
3 0.451042 0.56875 0.03125 0.109722
2 0.614236 0.504861 0.0506944 0.0708333
0 0.841667 0.527778 0.0166667 0.0833333
0 0.449653 0.519444 0.0368056 0.163889
0 0.529861 0.527778 0.0347222 0.130556
0 0.812153 0.515278 0.0173611 0.0777778
0 0.145833 0.509722 0.0166667 0.0944444
11 0.0298611 0.404167 0.0361111 0.0666667
1 0.529514 0.558333 0.0618056 0.0861111
7 0.365972 0.518056 0.104167 0.197222
0 0.879861 0.515278 0.0194444 0.105556
0 0.104861 0.521528 0.0319444 0.156944
2 0.961458 0.713194 0.0756944 0.348611
2 0.703819 0.551389 0.200694 0.147222
2 0.233681 0.579861 0.224306 0.243056
