0 0.240972 0.520139 0.0513889 0.1375
0 0.451389 0.490278 0.0152778 0.075
2 0.507986 0.503472 0.0201389 0.0458333
0 0.307986 0.494444 0.0256944 0.0638889
0 0.275347 0.515278 0.0201389 0.119444
2 0.485069 0.509722 0.0368056 0.0472222
0 0.308681 0.540278 0.03125 0.144444
0 0.652431 0.516667 0.01875 0.111111
0 0.8875 0.557639 0.0319444 0.306944
3 0.308681 0.554861 0.0270833 0.115278
0 0.142708 0.534722 0.03125 0.141667
1 0.625347 0.629861 0.03125 0.134722
0 0.25625 0.522917 0.0208333 0.151389
0 0.571875 0.523611 0.0173611 0.108333
0 0.223264 0.515278 0.0215278 0.127778
7 0.542014 0.485417 0.0534722 0.145833
0 0.0451389 0.547222 0.0569444 0.233333
0 0.906597 0.5625 0.0506944 0.338889
0 0.620486 0.55 0.0576389 0.261111
0 0.778819 0.536806 0.0451389 0.290278
0 0.859028 0.55 0.0388889 0.261111
0 0.708681 0.525694 0.0256944 0.168056
2 0.384722 0.536111 0.0958333 0.144444
