0 0.240625 0.5203125 0.0515625 0.1375
0 0.4515625 0.490625 0.015625 0.075
3 0.5078125 0.503125 0.0203125 0.04609375
0 0.3078125 0.49453125 0.02578125 0.0640625
0 0.275 0.515625 0.0203125 0.11953125
3 0.48515625 0.509375 0.03671875 0.046875
0 0.30859375 0.540625 0.03125 0.14453125
0 0.65234375 0.51640625 0.01875 0.1109375
0 0.8875 0.5578125 0.03203125 0.30703125
7 0.30859375 0.5546875 0.02734375 0.115625
0 0.14296875 0.534375 0.03125 0.14140625
1 0.625 0.6296875 0.03125 0.134375
0 0.25625 0.52265625 0.02109375 0.1515625
0 0.571875 0.5234375 0.0171875 0.10859375
0 0.2234375 0.515625 0.021875 0.128125
11 0.5421875 0.48515625 0.053125 0.14609375
0 0.0453125 0.546875 0.05703125 0.23359375
0 0.90625 0.5625 0.05078125 0.3390625
0 0.6203125 0.55 0.0578125 0.2609375
0 0.77890625 0.53671875 0.0453125 0.290625
0 0.859375 0.55 0.0390625 0.2609375
0 0.70859375 0.52578125 0.02578125 0.16796875
3 0.384375 0.5359375 0.09609375 0.14453125