7 0.215625 0.53203125 0.0234375 0.1140625
0 0.215625 0.52265625 0.02109375 0.1125
0 0.540625 0.4546875 0.02890625 0.1015625
3 0.346875 0.503125 0.02109375 0.05
0 0.265625 0.52421875 0.02109375 0.0875
0 0.59453125 0.515625 0.0203125 0.09609375
0 0.17578125 0.534375 0.040625 0.17890625
7 0.178125 0.58515625 0.034375 0.12109375
0 0.653125 0.51640625 0.0234375 0.13359375
3 0.540625 0.54140625 0.1046875 0.10859375
9 0.4265625 0.465625 0.14609375 0.37109375
3 0.30390625 0.5296875 0.059375 0.08203125
3 0.80546875 0.615625 0.3015625 0.3375