2 0.641667 0.44375 0.0430556 0.0375
2 0.673264 0.504167 0.08125 0.0972222
2 0.532639 0.445139 0.0333333 0.0513889
7 0.582639 0.479167 0.0736111 0.194444
2 0.504167 0.435417 0.0291667 0.0458333
2 0.659375 0.484722 0.06875 0.0722222
0 0.627431 0.528472 0.0270833 0.143056
2 0.713889 0.519444 0.116667 0.119444
2 0.888194 0.582639 0.219444 0.351389
2 0.75 0.545833 0.0972222 0.141667
2 0.424306 0.489583 0.113889 0.0986111
2 0.210417 0.524306 0.104167 0.134722
2 0.312847 0.546528 0.120139 0.159722
2 0.0975694 0.617361 0.19375 0.354167
