3 0.64140625 0.44375 0.04296875 0.0375
3 0.6734375 0.50390625 0.08125 0.096875
3 0.5328125 0.4453125 0.03359375 0.0515625
11 0.5828125 0.47890625 0.0734375 0.19453125
3 0.50390625 0.43515625 0.02890625 0.04609375
3 0.659375 0.484375 0.06875 0.071875
0 0.62734375 0.528125 0.02734375 0.14296875
3 0.7140625 0.51953125 0.11640625 0.11953125
3 0.88828125 0.5828125 0.21953125 0.3515625
3 0.75 0.54609375 0.096875 0.14140625
3 0.42421875 0.48984375 0.1140625 0.0984375
3 0.21015625 0.52421875 0.10390625 0.134375
3 0.3125 0.546875 0.1203125 0.159375
3 0.09765625 0.6171875 0.19375 0.35390625