0 0.525 0.515278 0.0208333 0.0861111
0 0.579861 0.517361 0.0138889 0.0652778
0 0.466319 0.513194 0.0159722 0.0847222
0 0.559722 0.515278 0.0138889 0.075
2 0.708333 0.504861 0.0347222 0.0486111
2 0.771528 0.503472 0.0569444 0.101389
0 0.542708 0.513889 0.0145833 0.075
0 0.337153 0.508333 0.0326389 0.205556
2 0.971875 0.5625 0.0548611 0.319444
7 0.771181 0.502778 0.0590278 0.108333
1 0.655903 0.544444 0.0534722 0.0833333
2 0.835764 0.523611 0.0520833 0.0777778
0 0.518056 0.516667 0.0152778 0.0888889
2 0.910417 0.547917 0.0861111 0.148611
2 0.145833 0.594444 0.290278 0.341667
