0 0.717014 0.497222 0.0159722 0.075
2 0.2125 0.507639 0.0625 0.0819444
2 0.569792 0.513194 0.0354167 0.101389
7 0.0197917 0.436111 0.0381944 0.227778
0 0.678125 0.523611 0.0298611 0.105556
0 0.948611 0.484722 0.0180556 0.0472222
9 0.722222 0.434722 0.0152778 0.0361111
2 0.589583 0.497917 0.0444444 0.0652778
0 0.569444 0.513194 0.0319444 0.115278
3 0.834028 0.584028 0.0277778 0.0986111
0 0.0809028 0.478472 0.0201389 0.145833
9 0.690625 0.392361 0.0159722 0.0569444
2 0.284028 0.497917 0.0763889 0.0791667
3 0.56875 0.522222 0.0375 0.102778
9 0.678472 0.388889 0.0152778 0.0583333
0 0.914931 0.531944 0.0340278 0.166667
2 0.106597 0.490972 0.0548611 0.131944
0 0.244792 0.505556 0.0215278 0.102778
9 0.430556 0.148611 0.0180556 0.0694444
0 0.184028 0.496528 0.0222222 0.1125
1 0.682639 0.5375 0.0569444 0.0972222
0 0.151389 0.495833 0.0263889 0.152778
0 0.355208 0.494444 0.01875 0.1
0 0.830556 0.523611 0.0333333 0.155556
2 0.880208 0.5125 0.0479167 0.0638889
0 0.620486 0.524306 0.0298611 0.165278
3 0.0541667 0.681944 0.108333 0.230556
7 0.815278 0.466667 0.0944444 0.227778
2 0.960764 0.554861 0.0784722 0.145833
0 0.0440972 0.569444 0.0840278 0.35
2 0.456944 0.544444 0.194444 0.25
