0 0.7171875 0.496875 0.015625 0.075
3 0.2125 0.5078125 0.0625 0.08203125
3 0.56953125 0.51328125 0.03515625 0.1015625
11 0.01953125 0.4359375 0.03828125 0.228125
0 0.678125 0.5234375 0.0296875 0.10546875
0 0.9484375 0.484375 0.01796875 0.046875
13 0.721875 0.434375 0.015625 0.0359375
3 0.58984375 0.49765625 0.04453125 0.065625
0 0.56953125 0.51328125 0.03203125 0.115625
7 0.834375 0.584375 0.028125 0.0984375
0 0.08125 0.478125 0.0203125 0.14609375
13 0.690625 0.3921875 0.015625 0.05703125
3 0.284375 0.49765625 0.0765625 0.07890625
7 0.56875 0.521875 0.0375 0.103125
13 0.678125 0.3890625 0.015625 0.05859375
0 0.91484375 0.53203125 0.034375 0.16640625
3 0.10625 0.490625 0.0546875 0.13203125
0 0.24453125 0.50546875 0.021875 0.103125
13 0.43046875 0.1484375 0.01796875 0.06953125
0 0.184375 0.496875 0.021875 0.1125
1 0.6828125 0.5375 0.05703125 0.096875
0 0.1515625 0.49609375 0.0265625 0.153125
0 0.35546875 0.49453125 0.01875 0.1
0 0.83046875 0.5234375 0.03359375 0.15546875
3 0.88046875 0.5125 0.04765625 0.0640625
0 0.6203125 0.52421875 0.0296875 0.165625
7 0.05390625 0.68125 0.1078125 0.23125
11 0.815625 0.46640625 0.09453125 0.228125
3 0.9609375 0.5546875 0.078125 0.14609375
0 0.04375 0.56953125 0.084375 0.35
3 0.45703125 0.54453125 0.19453125 0.25