0 0.767708 0.532639 0.0243056 0.126389
0 0.728819 0.529167 0.0201389 0.138889
0 0.666667 0.538194 0.05 0.176389
0 0.05 0.525 0.0402778 0.127778
0 0.177778 0.513194 0.0194444 0.120833
0 0.638542 0.536806 0.0423611 0.168056
1 0.0138889 0.656944 0.0277778 0.136111
1 0.122917 0.53125 0.0569444 0.0736111
0 0.897222 0.549306 0.0347222 0.256944
0 0.462847 0.513194 0.0159722 0.0847222
0 0.502778 0.520139 0.0305556 0.126389
0 0.921181 0.542361 0.0381944 0.248611
0 0.0114583 0.574306 0.0229167 0.2875
0 0.715625 0.525 0.0284722 0.147222
0 0.361806 0.527778 0.0291667 0.147222
0 0.682639 0.5375 0.0222222 0.172222
0 0.402083 0.542361 0.0236111 0.1625
9 0.454167 0.365972 0.0194444 0.0930556
0 0.959722 0.536111 0.0375 0.261111
0 0.800694 0.538889 0.0416667 0.266667
1 0.504861 0.561806 0.0736111 0.0930556
0 0.238542 0.528472 0.0256944 0.151389
0 0.200347 0.532639 0.0326389 0.204167
0 0.342708 0.559722 0.0215278 0.108333
0 0.430208 0.538194 0.0270833 0.181944
0 0.839236 0.55 0.0590278 0.361111
