0 0.76796875 0.5328125 0.02421875 0.1265625
0 0.72890625 0.52890625 0.0203125 0.1390625
0 0.66640625 0.53828125 0.05 0.1765625
0 0.05 0.525 0.040625 0.128125
0 0.178125 0.51328125 0.01953125 0.12109375
0 0.63828125 0.53671875 0.0421875 0.16796875
1 0.0140625 0.65703125 0.028125 0.1359375
1 0.12265625 0.53125 0.05703125 0.0734375
0 0.896875 0.54921875 0.034375 0.25703125
0 0.4625 0.51328125 0.015625 0.084375
0 0.503125 0.5203125 0.03046875 0.1265625
0 0.92109375 0.5421875 0.03828125 0.2484375
0 0.01171875 0.57421875 0.02265625 0.2875
0 0.715625 0.525 0.028125 0.146875
0 0.36171875 0.528125 0.02890625 0.146875
0 0.6828125 0.5375 0.021875 0.171875
0 0.40234375 0.5421875 0.0234375 0.1625
13 0.45390625 0.365625 0.01953125 0.09296875
0 0.959375 0.5359375 0.0375 0.2609375
0 0.80078125 0.5390625 0.04140625 0.26640625
1 0.5046875 0.56171875 0.0734375 0.09296875
0 0.23828125 0.528125 0.02578125 0.1515625
0 0.2 0.5328125 0.0328125 0.20390625
0 0.34296875 0.559375 0.021875 0.10859375
0 0.43046875 0.53828125 0.02734375 0.18203125
0 0.8390625 0.55 0.059375 0.3609375