0 0.150347 0.529167 0.0201389 0.141667
2 0.311111 0.602778 0.105556 0.725
24 0.841319 0.495139 0.06875 0.220833
0 0.130208 0.522222 0.0173611 0.144444
2 0.381944 0.555556 0.1 0.211111
0 0.927431 0.529861 0.0118056 0.0486111
0 0.163889 0.534722 0.0277778 0.144444
0 0.456597 0.538889 0.0270833 0.227778
0 0.586111 0.53125 0.0472222 0.281944
0 0.08125 0.525 0.0319444 0.169444
0 0.298611 0.611806 0.102778 0.776389
2 0.229861 0.549306 0.0916667 0.134722
0 0.855208 0.627778 0.122917 0.733333
0 0.719444 0.550694 0.0527778 0.381944
0 0.669444 0.613889 0.120833 0.611111
0 0.497917 0.640972 0.119444 0.709722
