2 0.332292 0.528472 0.0243056 0.0819444
1 0.117708 0.550694 0.0270833 0.0819444
2 0.394792 0.515972 0.0298611 0.0513889
2 0.519097 0.502778 0.0381944 0.0722222
0 0.125347 0.510417 0.0215278 0.129167
0 0.009375 0.509722 0.01875 0.183333
2 0.426042 0.538194 0.0284722 0.0486111
0 0.0430556 0.509028 0.0347222 0.165278
9 0.368056 0.429167 0.0152778 0.0555556
11 0.113889 0.422222 0.0347222 0.0583333
0 0.215278 0.506944 0.0125 0.075
0 0.200347 0.510417 0.0173611 0.0736111
0 0.0270833 0.535417 0.0444444 0.1875
0 0.113542 0.514583 0.0256944 0.134722
2 0.3625 0.513194 0.0444444 0.0625
1 0.0277778 0.589583 0.05 0.126389
0 0.667708 0.536806 0.0409722 0.254167
0 0.169792 0.5125 0.01875 0.113889
7 0.280903 0.504167 0.0881944 0.172222
2 0.463889 0.536111 0.0680556 0.105556
