0 0.766667 0.484028 0.0125 0.0541667
2 0.384375 0.5 0.0173611 0.0388889
2 0.558681 0.502778 0.0506944 0.0666667
7 0.444792 0.491667 0.0354167 0.111111
2 0.619097 0.534028 0.0659722 0.0986111
9 0.382986 0.413889 0.01875 0.0555556
1 0.683333 0.630556 0.05 0.172222
3 0.683333 0.630556 0.05 0.177778
2 0.725694 0.535417 0.170833 0.151389
0 0.669444 0.538889 0.0638889 0.252778
7 0.494097 0.510417 0.08125 0.145833
2 0.579514 0.525 0.0868056 0.0861111
0 0.327431 0.548611 0.0701389 0.269444
2 0.198958 0.543056 0.34375 0.244444
0 0.846528 0.522917 0.0208333 0.126389
1 0.328819 0.625694 0.140972 0.193056
