0 0.76640625 0.484375 0.0125 0.05390625
3 0.384375 0.5 0.0171875 0.0390625
3 0.55859375 0.503125 0.05078125 0.06640625
11 0.44453125 0.49140625 0.03515625 0.1109375
3 0.61875 0.534375 0.065625 0.0984375
13 0.3828125 0.4140625 0.01875 0.05546875
1 0.68359375 0.63046875 0.05 0.171875
7 0.68359375 0.63046875 0.05 0.178125
3 0.72578125 0.53515625 0.17109375 0.1515625
0 0.66953125 0.5390625 0.0640625 0.253125
11 0.49375 0.51015625 0.08125 0.14609375
3 0.5796875 0.525 0.08671875 0.0859375
0 0.32734375 0.5484375 0.0703125 0.26953125
3 0.19921875 0.54296875 0.34375 0.24453125
0 0.846875 0.52265625 0.02109375 0.1265625
1 0.32890625 0.62578125 0.140625 0.19296875