2 0.538194 0.504861 0.0194444 0.0375
1 0.746875 0.605556 0.0409722 0.141667
0 0.376042 0.523611 0.0243056 0.133333
0 0.0545139 0.459722 0.0284722 0.075
3 0.745833 0.605556 0.0416667 0.15
0 0.992014 0.579861 0.0159722 0.2875
1 0.342708 0.576389 0.0881944 0.277778
0 0.100694 0.50625 0.0430556 0.209722
0 0.382292 0.520833 0.0159722 0.1
0 0.682639 0.553472 0.0277778 0.179167
0 0.25625 0.522222 0.0291667 0.161111
2 0.503125 0.520139 0.04375 0.0597222
0 0.138194 0.522917 0.0388889 0.198611
0 0.740625 0.548611 0.0479167 0.236111
0 0.229514 0.530556 0.0409722 0.213889
0 0.339583 0.55 0.0694444 0.272222
0 0.459028 0.543056 0.0388889 0.161111
0 0.792014 0.535417 0.0284722 0.190278
1 0.345486 0.629861 0.142361 0.181944
0 0.865278 0.535417 0.0333333 0.2375
0 0.559375 0.581944 0.0618056 0.341667
2 0.0600694 0.631944 0.120139 0.397222
0 0.633333 0.592361 0.105556 0.468056
