3 0.53828125 0.5046875 0.01953125 0.0375
1 0.746875 0.60546875 0.040625 0.14140625
0 0.37578125 0.5234375 0.02421875 0.13359375
0 0.0546875 0.459375 0.028125 0.075
7 0.74609375 0.60546875 0.04140625 0.15
0 0.9921875 0.5796875 0.015625 0.2875
1 0.34296875 0.5765625 0.08828125 0.278125
0 0.10078125 0.50625 0.04296875 0.209375
0 0.38203125 0.52109375 0.015625 0.1
0 0.6828125 0.553125 0.028125 0.17890625
0 0.25625 0.521875 0.02890625 0.1609375
3 0.503125 0.5203125 0.04375 0.059375
0 0.13828125 0.52265625 0.0390625 0.1984375
0 0.740625 0.5484375 0.04765625 0.2359375
0 0.2296875 0.53046875 0.040625 0.2140625
0 0.33984375 0.55 0.06953125 0.271875
0 0.459375 0.54296875 0.0390625 0.1609375
0 0.7921875 0.53515625 0.028125 0.190625
1 0.3453125 0.6296875 0.1421875 0.18203125
0 0.865625 0.53515625 0.03359375 0.2375
0 0.559375 0.58203125 0.06171875 0.34140625
3 0.06015625 0.63203125 0.1203125 0.396875
0 0.63359375 0.5921875 0.10546875 0.46796875