0 0.132986 0.552778 0.0229167 0.0972222
0 0.779514 0.540278 0.0159722 0.0611111
0 0.0204861 0.557639 0.0368056 0.329167
0 0.705903 0.529167 0.0131944 0.0722222
7 0.480903 0.552083 0.0604167 0.0958333
0 0.685764 0.532639 0.0145833 0.0847222
2 0.480556 0.551389 0.0597222 0.0944444
0 0.220139 0.524306 0.0152778 0.1375
0 0.166667 0.5625 0.0416667 0.144444
9 0.871181 0.376389 0.0229167 0.0888889
0 0.192361 0.522222 0.0333333 0.166667
0 0.667361 0.529167 0.0138889 0.0722222
0 0.0274306 0.660417 0.0534722 0.559722
0 0.862847 0.53125 0.0215278 0.126389
0 0.727778 0.526389 0.0180556 0.0861111
9 0.891319 0.377778 0.0243056 0.1
0 0.2625 0.547917 0.0402778 0.248611
0 0.0805556 0.555556 0.0722222 0.366667
0 0.344792 0.620833 0.13125 0.758333
