0 0.1328125 0.553125 0.02265625 0.096875
0 0.7796875 0.540625 0.015625 0.0609375
0 0.0203125 0.5578125 0.03671875 0.32890625
0 0.70625 0.52890625 0.01328125 0.071875
11 0.48125 0.55234375 0.06015625 0.09609375
0 0.6859375 0.5328125 0.01484375 0.084375
3 0.48046875 0.5515625 0.059375 0.09453125
0 0.2203125 0.52421875 0.015625 0.1375
0 0.16640625 0.5625 0.04140625 0.14453125
13 0.87109375 0.3765625 0.02265625 0.0890625
0 0.1921875 0.521875 0.03359375 0.16640625
0 0.6671875 0.52890625 0.0140625 0.071875
0 0.02734375 0.66015625 0.053125 0.559375
0 0.8625 0.53125 0.021875 0.1265625
0 0.728125 0.5265625 0.01796875 0.0859375
13 0.89140625 0.378125 0.02421875 0.1
0 0.2625 0.54765625 0.040625 0.2484375
0 0.08046875 0.55546875 0.071875 0.36640625
0 0.34375 0.6203125 0.13125 0.759375