5 0.464236 0.459028 0.0784722 0.204167
26 0.0645833 0.531944 0.0527778 0.275
26 0.660764 0.525694 0.0298611 0.134722
2 0.630903 0.477778 0.0395833 0.05
7 0.460764 0.455556 0.0826389 0.205556
0 0.285069 0.54375 0.0590278 0.273611
3 0.977431 0.713889 0.0451389 0.227778
1 0.411806 0.729167 0.0444444 0.25
3 0.286111 0.613194 0.0652778 0.206944
0 0.602083 0.559028 0.0416667 0.251389
0 0.767708 0.560417 0.0534722 0.3125
0 0.0399306 0.603472 0.0798611 0.684722
0 0.120139 0.524306 0.0541667 0.3125
0 0.425347 0.581944 0.0826389 0.430556
0 0.683333 0.575 0.0652778 0.341667
0 0.175347 0.525694 0.0618056 0.315278
0 0.542014 0.589583 0.0979167 0.590278
