0 0.447569 0.513889 0.0243056 0.166667
11 0.325694 0.409722 0.0263889 0.0444444
0 0.283333 0.495139 0.0152778 0.0708333
2 0.110417 0.478472 0.0166667 0.0430556
1 0.400347 0.515278 0.03125 0.119444
0 0.401389 0.509722 0.0305556 0.125
0 0.514236 0.488889 0.0173611 0.158333
2 0.228472 0.49375 0.0458333 0.0902778
5 0.0180556 0.488889 0.0361111 0.136111
5 0.0611111 0.466667 0.0805556 0.130556
7 0.175347 0.4875 0.0631944 0.141667
0 0.341319 0.50625 0.0201389 0.106944
0 0.477083 0.528472 0.0388889 0.256944
1 0.715972 0.600694 0.0722222 0.181944
