0 0.44765625 0.5140625 0.02421875 0.16640625
2 0.32578125 0.409375 0.0265625 0.04453125
0 0.28359375 0.4953125 0.015625 0.07109375
3 0.11015625 0.478125 0.01640625 0.04296875
1 0.4 0.515625 0.03125 0.11953125
0 0.4015625 0.509375 0.03046875 0.125
0 0.5140625 0.4890625 0.0171875 0.15859375
3 0.228125 0.49375 0.04609375 0.090625
9 0.01796875 0.4890625 0.0359375 0.1359375
9 0.0609375 0.46640625 0.08046875 0.13046875
11 0.175 0.4875 0.06328125 0.14140625
0 0.34140625 0.50625 0.0203125 0.10703125
0 0.47734375 0.528125 0.0390625 0.25703125
1 0.715625 0.60078125 0.071875 0.18203125