7 0.652083 0.5125 0.1375 0.238889
24 0.0291667 0.508333 0.0555556 0.175
0 0.431944 0.552083 0.0208333 0.118056
0 0.986111 0.611111 0.0277778 0.277778
0 0.399306 0.552083 0.0208333 0.118056
0 0.377431 0.555556 0.01875 0.111111
0 0.212847 0.55 0.0395833 0.225
0 0.914931 0.563889 0.0395833 0.269444
0 0.689236 0.565972 0.0340278 0.215278
3 0.832292 0.758333 0.104861 0.352778
5 0.474653 0.502778 0.0673611 0.180556
0 0.63125 0.575694 0.0666667 0.331944
0 0.03125 0.636806 0.0625 0.701389
0 0.95625 0.567361 0.0486111 0.340278
0 0.827083 0.613194 0.115278 0.526389
0 0.152083 0.709722 0.0902778 0.402778
0 0.120486 0.568056 0.0590278 0.308333
0 0.539583 0.64375 0.141667 0.676389
