11 0.65234375 0.5125 0.1375 0.2390625
4 0.02890625 0.50859375 0.05546875 0.175
0 0.43203125 0.55234375 0.02109375 0.11796875
0 0.9859375 0.6109375 0.028125 0.278125
0 0.39921875 0.55234375 0.02109375 0.11796875
0 0.37734375 0.55546875 0.01875 0.1109375
0 0.2125 0.55 0.03984375 0.225
0 0.91484375 0.5640625 0.03984375 0.26953125
0 0.6890625 0.565625 0.034375 0.215625
7 0.83203125 0.75859375 0.1046875 0.353125
9 0.475 0.503125 0.0671875 0.18046875
0 0.63125 0.57578125 0.06640625 0.33203125
0 0.03125 0.63671875 0.0625 0.7015625
0 0.95625 0.5671875 0.0484375 0.340625
0 0.82734375 0.61328125 0.115625 0.5265625
0 0.15234375 0.709375 0.090625 0.403125
0 0.1203125 0.56796875 0.059375 0.30859375
0 0.53984375 0.64375 0.14140625 0.6765625