24 0.021875 0.518056 0.0423611 0.133333
0 0.340278 0.534028 0.0180556 0.115278
0 0.436111 0.529861 0.0166667 0.126389
1 0.369097 0.593056 0.0229167 0.125
2 0.282639 0.538194 0.0277778 0.0375
0 0.408681 0.533333 0.01875 0.125
0 0.195833 0.529861 0.0125 0.0791667
0 0.379861 0.534722 0.0347222 0.213889
0 0.142014 0.529861 0.0159722 0.0819444
0 0.0743056 0.55625 0.0347222 0.165278
0 0.0222222 0.588194 0.0430556 0.354167
0 0.453125 0.535417 0.03125 0.170833
0 0.234722 0.549306 0.0444444 0.2125
0 0.533681 0.545139 0.0451389 0.284722
0 0.595486 0.554167 0.0534722 0.325
