0 0.927083 0.578472 0.0611111 0.0986111
2 0.771528 0.557639 0.0777778 0.0375
0 0.676736 0.5625 0.0423611 0.111111
1 0.926042 0.586806 0.0604167 0.0819444
0 0.489236 0.548611 0.0381944 0.113889
2 0.456597 0.546528 0.124306 0.0902778
0 0.957292 0.517361 0.0201389 0.0819444
0 0.929167 0.523611 0.0333333 0.0916667
1 0.486111 0.581944 0.0541667 0.0777778
0 0.673264 0.534722 0.0270833 0.0972222
2 0.158681 0.588889 0.30625 0.433333
3 0.928819 0.584028 0.06875 0.0902778
1 0.676736 0.584028 0.0493056 0.0791667
9 0.537153 0.397917 0.01875 0.0680556
7 0.159375 0.592361 0.303472 0.4375
2 0.972222 0.609028 0.0555556 0.1875
