0 0.603125 0.484028 0.01875 0.0708333
11 0.702431 0.306944 0.05625 0.113889
7 0.479514 0.443056 0.0784722 0.186111
5 0.480556 0.4375 0.0777778 0.180556
2 0.316667 0.511806 0.0833333 0.201389
7 0.317708 0.511111 0.0840278 0.183333
9 0.841319 0.245139 0.0493056 0.176389
0 0.715972 0.522917 0.0236111 0.148611
5 0.378472 0.476389 0.0652778 0.158333
2 0.314236 0.568056 0.0673611 0.15
0 0.654861 0.531944 0.025 0.163889
0 0.021875 0.532639 0.03125 0.173611
0 0.793403 0.552778 0.0409722 0.333333
2 0.159028 0.569444 0.256944 0.333333
2 0.532639 0.590972 0.180556 0.293056
