2 0.457639 0.507639 0.0416667 0.0458333
1 0.306597 0.590278 0.0270833 0.1
0 0.312153 0.540972 0.0909722 0.168056
0 0.424306 0.529167 0.0194444 0.1
2 0.300694 0.529167 0.181944 0.152778
0 0.307292 0.547222 0.0298611 0.177778
0 0.129167 0.522917 0.0222222 0.131944
0 0.612847 0.527083 0.01875 0.115278
7 0.553472 0.503472 0.0875 0.190278
5 0.552431 0.502778 0.0868056 0.191667
0 0.983333 0.500694 0.0333333 0.156944
2 0.707292 0.538889 0.0993056 0.155556
2 0.976042 0.720139 0.0479167 0.340278
2 0.849653 0.5625 0.236806 0.244444
