1 0.198264 0.536806 0.0326389 0.0736111
0 0.0951389 0.529861 0.0236111 0.1125
0 0.285069 0.499306 0.0173611 0.1125
0 0.0809028 0.520833 0.01875 0.116667
0 0.260069 0.502778 0.0215278 0.127778
0 0.161458 0.524306 0.0229167 0.151389
0 0.656597 0.502778 0.0548611 0.175
0 0.476389 0.515972 0.0513889 0.173611
0 0.826736 0.479167 0.0215278 0.130556
3 0.475694 0.557639 0.0902778 0.123611
0 0.0357639 0.516667 0.0215278 0.122222
3 0.655903 0.522917 0.0965278 0.148611
7 0.936111 0.431944 0.126389 0.327778
