0 0.347569 0.484028 0.0145833 0.0875
0 0.430556 0.495833 0.0222222 0.15
0 0.425347 0.472222 0.0173611 0.105556
0 0.439931 0.511806 0.0201389 0.148611
2 0.169097 0.489583 0.0354167 0.0736111
2 0.193056 0.472222 0.0263889 0.0583333
0 0.368403 0.484722 0.0159722 0.0777778
3 0.0145833 0.51875 0.0291667 0.131944
0 0.0138889 0.50625 0.0277778 0.1375
2 0.182639 0.483333 0.0361111 0.0722222
0 0.629514 0.543056 0.0381944 0.405556
0 0.854514 0.622917 0.0506944 0.284722
0 0.479861 0.508333 0.0263889 0.183333
2 0.155208 0.491667 0.0354167 0.0777778
7 0.0920139 0.4625 0.09375 0.197222
0 0.674306 0.552083 0.0861111 0.465278
0 0.730556 0.539583 0.0625 0.376389
5 0.246875 0.428472 0.0826389 0.248611
