0 0.34765625 0.484375 0.01484375 0.0875
0 0.43046875 0.49609375 0.021875 0.15
0 0.425 0.471875 0.0171875 0.10546875
0 0.43984375 0.51171875 0.0203125 0.1484375
3 0.16875 0.48984375 0.03515625 0.0734375
3 0.19296875 0.471875 0.0265625 0.05859375
0 0.36875 0.484375 0.015625 0.078125
7 0.01484375 0.51875 0.02890625 0.13203125
0 0.0140625 0.50625 0.028125 0.1375
3 0.1828125 0.48359375 0.0359375 0.071875
0 0.6296875 0.54296875 0.03828125 0.40546875
0 0.8546875 0.62265625 0.05078125 0.284375
0 0.4796875 0.50859375 0.0265625 0.18359375
3 0.15546875 0.49140625 0.03515625 0.078125
11 0.0921875 0.4625 0.09375 0.196875
0 0.67421875 0.55234375 0.0859375 0.465625
0 0.73046875 0.53984375 0.0625 0.3765625
9 0.246875 0.428125 0.0828125 0.2484375