0 0.474306 0.541667 0.0638889 0.125
7 0.532292 0.485417 0.0395833 0.118056
0 0.721528 0.538889 0.0222222 0.227778
0 0.552083 0.518056 0.0222222 0.0944444
11 0.0458333 0.364583 0.0513889 0.104167
0 0.586458 0.511806 0.0159722 0.106944
0 0.361806 0.570139 0.0833333 0.126389
9 0.644097 0.436806 0.0270833 0.0819444
9 0.633333 0.436806 0.0263889 0.0763889
1 0.88125 0.55625 0.0763889 0.101389
0 0.882986 0.522222 0.0465278 0.15
0 0.359375 0.527083 0.0451389 0.176389
1 0.478472 0.558333 0.0652778 0.105556
0 0.270486 0.518056 0.0229167 0.136111
0 0.822569 0.515278 0.0256944 0.133333
0 0.657986 0.520833 0.0229167 0.141667
1 0.361111 0.58125 0.0888889 0.115278
9 0.523264 0.196528 0.0229167 0.115278
0 0.121528 0.527083 0.0416667 0.2375
