9 0.210417 0.427778 0.0138889 0.0472222
11 0.492014 0.401389 0.0298611 0.0583333
0 0.501389 0.530556 0.025 0.15
7 0.132986 0.463889 0.163194 0.258333
0 0.515625 0.527778 0.0243056 0.155556
0 0.590278 0.525 0.0263889 0.172222
2 0.329861 0.492361 0.0305556 0.0513889
0 0.355208 0.544444 0.0326389 0.166667
0 0.5625 0.534722 0.0305556 0.208333
2 0.420139 0.542361 0.0972222 0.154167
0 0.792708 0.561806 0.0479167 0.356944
0 0.906597 0.553472 0.0479167 0.329167
2 0.279167 0.5375 0.104167 0.163889
0 0.854514 0.563889 0.104861 0.425
2 0.0375 0.553472 0.0736111 0.198611
