13 0.21015625 0.428125 0.0140625 0.046875
2 0.4921875 0.4015625 0.0296875 0.05859375
0 0.5015625 0.53046875 0.025 0.15
11 0.1328125 0.4640625 0.16328125 0.25859375
0 0.515625 0.528125 0.02421875 0.15546875
0 0.590625 0.525 0.0265625 0.171875
3 0.3296875 0.4921875 0.03046875 0.0515625
0 0.35546875 0.54453125 0.0328125 0.16640625
0 0.5625 0.534375 0.03046875 0.20859375
3 0.4203125 0.5421875 0.096875 0.15390625
0 0.79296875 0.56171875 0.04765625 0.35703125
0 0.90625 0.553125 0.04765625 0.32890625
3 0.27890625 0.5375 0.10390625 0.1640625
0 0.8546875 0.5640625 0.1046875 0.425
3 0.0375 0.553125 0.0734375 0.1984375