4 0.021875 0.51796875 0.0421875 0.13359375
0 0.340625 0.534375 0.01796875 0.115625
0 0.4359375 0.5296875 0.01640625 0.1265625
1 0.36875 0.59296875 0.02265625 0.125
3 0.2828125 0.53828125 0.028125 0.0375
0 0.40859375 0.53359375 0.01875 0.125
0 0.19609375 0.5296875 0.0125 0.07890625
0 0.3796875 0.534375 0.034375 0.2140625
0 0.1421875 0.5296875 0.015625 0.08203125
0 0.07421875 0.55625 0.034375 0.165625
0 0.021875 0.58828125 0.04296875 0.35390625
0 0.453125 0.53515625 0.03125 0.17109375
0 0.234375 0.54921875 0.04453125 0.2125
0 0.53359375 0.5453125 0.0453125 0.284375
0 0.5953125 0.55390625 0.053125 0.325