11 0.66875 0.405556 0.0291667 0.075
0 0.823611 0.516667 0.0194444 0.152778
0 0.403819 0.522222 0.0298611 0.102778
1 0.404167 0.559722 0.0416667 0.0805556
0 0.770486 0.515972 0.0215278 0.115278
0 0.988194 0.522917 0.0236111 0.268056
9 0.381944 0.358333 0.0166667 0.0583333
1 0.197917 0.547917 0.0708333 0.0902778
1 0.371181 0.563889 0.0756944 0.0916667
0 0.659375 0.516667 0.0201389 0.136111
0 0.135417 0.522917 0.0208333 0.1375
0 0.322222 0.522222 0.0166667 0.116667
0 0.491667 0.543056 0.0333333 0.183333
0 0.592361 0.527778 0.0277778 0.194444
0 0.564236 0.532639 0.0270833 0.165278
0 0.899653 0.535417 0.0368056 0.193056
0 0.0965278 0.529167 0.0333333 0.177778
0 0.267361 0.536111 0.0263889 0.183333
0 0.638889 0.540278 0.0347222 0.2
2 0.034375 0.535417 0.06875 0.109722
