2 0.507986 0.497917 0.0604167 0.0680556
2 0.875694 0.513889 0.0541667 0.119444
2 0.563889 0.538194 0.0944444 0.1625
11 0.177083 0.402778 0.0291667 0.0638889
2 0.704167 0.486806 0.0263889 0.0486111
2 0.626389 0.500694 0.0722222 0.168056
0 0.595486 0.549306 0.0451389 0.234722
11 0.0298611 0.370139 0.0361111 0.0763889
7 0.784375 0.477778 0.138194 0.294444
0 0.0857639 0.501389 0.0284722 0.163889
2 0.477431 0.534028 0.0784722 0.131944
25 0.0145833 0.488194 0.0291667 0.104167
0 0.152778 0.511806 0.0291667 0.165278
2 0.301042 0.527778 0.172917 0.183333
0 0.370139 0.538889 0.0458333 0.238889
0 0.415278 0.542361 0.0583333 0.326389
2 0.926389 0.540972 0.145833 0.170833
