3 0.82578125 0.509375 0.078125 0.12890625
2 0.34453125 0.39921875 0.0375 0.0765625
13 0.6828125 0.30625 0.00859375 0.0375
9 0.8015625 0.4734375 0.11328125 0.1109375
0 0.01015625 0.590625 0.0203125 0.275
0 0.3015625 0.515625 0.0375 0.209375
0 0.553125 0.51328125 0.01875 0.10390625
3 0.93515625 0.53359375 0.06875 0.121875
7 0.4125 0.63359375 0.07109375 0.21953125
0 0.4109375 0.54765625 0.0671875 0.284375
3 0.853125 0.5484375 0.115625 0.15859375
3 0.96796875 0.55703125 0.0640625 0.1390625
9 0.6625 0.496875 0.121875 0.209375