0 0.5703604296875 0.6537576703125 0.5401648765625 0.649497275 0.5190759203125 0.7315098859375 0.5277032203124999 0.7719836390625 0.5622124234375 0.7730487390625 0.5717983125 0.71127300625 0.5703604296875 0.6537576703125
0 0.15768788281249999 0.57387525625 0.170149540625 0.5291411046875 0.11311349687500001 0.512099525 0.060391104687499995 0.554703475 0.057036042187500004 0.5802658468749999 0.1116756140625 0.598372528125 0.15768788281249999 0.57387525625
0 0.314896471875 0.5174250171875 0.293807515625 0.4726908640625 0.24348159531250002 0.4641700765625 0.208013803125 0.53979209375 0.1878834359375 0.6207396046875 0.2166411046875 0.6292603953125 0.2832630375 0.58559134375 0.29907975468750003 0.519555215625 0.314896471875 0.5174250171875
0 0.318730828125 0.5057089312499999 0.3048312890625 0.5216854125 0.285659509375 0.5813309484375 0.28805598125 0.6079584203125 0.298121165625 0.6143490109374999 0.326878834375 0.5834611453125 0.318730828125 0.5057089312499999
0 0.318730828125 0.599437628125 0.362346625 0.6026329234375 0.34940567499999997 0.5365967953124999 0.3240030671875 0.5429873890625 0.327358128125 0.5951772328125 0.318730828125 0.599437628125
0 0.39445935625 0.455649284375 0.3728911046875 0.46097477812500004 0.35659509218749996 0.5749403546875 0.3834355828125 0.617544309375 0.40692101249999996 0.60689331875 0.4198619625 0.5706799578124999 0.39445935625 0.455649284375
0 0.429927146875 0.41943592343749997 0.41075536875 0.5227505109374999 0.42369631874999997 0.57813565 0.413151840625 0.605828221875 0.446223159375 0.6143490109374999 0.46108128906249995 0.58559134375 0.46203987656249995 0.5696148609375 0.4467024546875 0.42156612187500003 0.429927146875 0.41943592343749997
0 0.45532975468750003 0.5184901140625 0.4673121171875 0.605828221875 0.49942484687500005 0.6143490109374999 0.514282975 0.593047034375 0.5023006140625 0.4290218125 0.47641871093750005 0.42156612187500003 0.45532975468750003 0.5184901140625
0 0.581384203125 0.4332822078125 0.514282975 0.442868096875 0.5070935578125 0.49292774375 0.5166794484375 0.57920075 0.5229102765625 0.57920075 0.5785084359375 0.58452624375 0.59624233125 0.54831288125 0.5761119625 0.513164621875 0.581384203125 0.4332822078125
0 0.623082821875 0.5110344234374999 0.610141871875 0.5057089312499999 0.5972009203125 0.546182684375 0.6465682515625 0.58559134375 0.6518404906249999 0.552573278125 0.623082821875 0.5110344234374999
0 0.7476993859375 0.6228698015624999 0.7453029140625 0.593047034375 0.7122315953125 0.5312713015625 0.6614263796875 0.5355316984375 0.656154140625 0.6026329234375 0.668615796875 0.6154141109375 0.6988113499999999 0.6292603953125 0.7476993859375 0.6228698015624999
0 0.9168903374999999 0.5216854125 0.911138803125 0.55150818125 0.9312691718749999 0.6132839125 0.9984375 0.597222221875 0.9984375 0.5138888890625 0.9168903374999999 0.5216854125