0 0.4079861109375 0.7152398296875 0.394483025 0.7210223484375 0.3804976859375 0.7036747921875001 0.3655478390625 0.7289733140625 0.2912808640625 0.7369242781249999 0.2907986109375 0.7029519765625001 0.1972415125 0.7166854593750001 0.1856674375 0.7333102031250001 0.17988040156250001 0.6444039671875 0.1745756171875 0.7325873890625 0.1306905859375 0.729696128125 0.12586805625 0.7072888671875 0.11766975312500001 0.694278196875 0.12008101874999999 0.7304189437499999 0.11622299375 0.7658368765625 0.122492284375 0.7766790984374999 0.12490355 0.8027004359375001 0.40316357968750005 0.7947494734375 0.41714892031249995 0.78246161875 0.4079861109375 0.7152398296875
0 0.235821759375 0.5844103281249999 0.1755401234375 0.599589440625 0.17264660468749998 0.5836875125 0.0974151234375 0.5916384781249999 0.055459104687500003 0.57790499375 0.0636574078125 0.66753404375 0.06944444375 0.671870934375 0.2324459875 0.6270564078125 0.235821759375 0.5844103281249999
0 0.2628279328125 0.45358082499999997 0.20495756250000002 0.4571949 0.2068865734375 0.44057015625 0.113811728125 0.467314309375 0.0901813265625 0.51140601875 0.036651234375 0.52586231875 0.05208333281250001 0.5562205453125 0.21894290156250001 0.55549773125 0.269579475 0.52224824375 0.2628279328125 0.45358082499999997
0 0.466338734375 0.5012866109375 0.44367283906250005 0.48393905156250006 0.3621720671875 0.504177871875 0.383391203125 0.5381501703125 0.5174575625 0.53670454375 0.50877700625 0.496949721875 0.466338734375 0.5012866109375
0 0.6447723765625 0.52224824375 0.57918595625 0.5273079484375 0.5406057093750001 0.525139503125 0.537712190625 0.514297278125 0.5362654328125 0.55911180625 0.668402778125 0.5526064703125 0.662615740625 0.49984098125000004 0.6447723765625 0.52224824375
0 0.9698109562499999 0.565617140625 0.9524498453125 0.5605574359375 0.928337190625 0.5497152109375001 0.8323688265625 0.5634486953125 0.786554784375 0.5583889906249999 0.7918595671875 0.6075404046874999 0.7976466046875 0.606817590625 0.967399690625 0.595252553125 0.9698109562499999 0.565617140625
0 0.0612461421875 0.37045710781249996 0.003858025 0.3755168125 0.00868055625 0.4239454125 0.124421296875 0.405152225 0.0612461421875 0.37045710781249996
0 0.0887345671875 0.4803249765625 0.0217013890625 0.491890015625 0.0154320984375 0.47671090468750005 0.0048225312499999996 0.478879346875 0 0.5171885390625001 0.0887345671875 0.5128516484375 0.0887345671875 0.4803249765625
0 0.156732253125 0.385636221875 0.1456404328125 0.3928643703125 0.14998070937500002 0.41599445 0.2174961421875 0.41165755937500004 0.21460262343749997 0.390695925 0.156732253125 0.385636221875
0 0.228105709375 0.391418740625 0.23148148124999998 0.42033133749999996 0.31925154375 0.419608525 0.31684027812500004 0.3878046671875 0.228105709375 0.391418740625
0 0.20013503125 0.372625553125 0.268132715625 0.376239628125 0.238715278125 0.356723625 0.20013503125 0.372625553125
0 0.1432291671875 0.3603377 0.0892168203125 0.365397403125 0.0935570984375 0.378408071875 0.16107253125 0.372625553125 0.1432291671875 0.3603377
0 0.470196759375 0.49839535156250003 0.46103395 0.46370023437499996 0.4050925921875 0.4463526765625 0.34336419687499997 0.47020556874999997 0.3284143515625 0.456472084375 0.3264853390625 0.50706913125 0.3616898140625 0.49984098125000004 0.4441550921875 0.486107496875 0.470196759375 0.49839535156250003
0 0.2613811734375 0.3560008109375 0.275848765625 0.38202214687499997 0.2994791671875 0.3849134078125 0.3231095671875 0.3964784453125 0.383391203125 0.395032815625 0.4026813265625 0.3560008109375 0.2613811734375 0.3560008109375
0 0.6076388890625 0.4311735625 0.5999228390625 0.415271634375 0.5314429015625 0.419608525 0.5348186734375 0.460086159375 0.6433256171874999 0.4470754921875 0.6442901234375 0.42033133749999996 0.6076388890625 0.4311735625
0 0.7634066359375 0.36684303281249997 0.65923996875 0.3957556296875 0.6703317906249999 0.43695608124999996 0.7793209875 0.4311735625 0.7870370375 0.39864689062499997 0.7634066359375 0.36684303281249997
0 0.8289930562500001 0.408043484375 0.8082561734375 0.44346141718750004 0.7875192906249999 0.4463526765625 0.7952353390625 0.47815653437499994 0.9191743828125001 0.47092838437499995 0.893132715625 0.4318963765625 0.8289930562500001 0.408043484375
0 0.9891010796874999 0.4253910421875 0.981867284375 0.4094891140625 0.9080825625 0.408043484375 0.9090470671875 0.4543036390625 0.9984375 0.4613583140625 0.9984375 0.4168618265625 0.9891010796874999 0.4253910421875
0 0.9984375 0.46370023437499996 0.9799382718749999 0.452858009375 0.9244791671874999 0.47092838437499995 0.90133101875 0.48899875625 0.9268904328125 0.5395958015625 0.9984375 0.531615925 0.9984375 0.46370023437499996
0 0.8984375 0.309740653125 0.8424961421875 0.31407754374999997 0.8559992281250001 0.365397403125 0.9625771609375 0.3552779953125 0.9543788578125 0.3299794734375 0.8984375 0.309740653125
0 0.9866898140625 0.383467778125 0.8656442906249999 0.376239628125 0.8873456796875001 0.4131031890625 0.893132715625 0.41382600468749997 0.9984375 0.405152225 0.9866898140625 0.383467778125
0 0.46682098749999995 0.35310955 0.47067901250000005 0.3885274828125 0.543499228125 0.3827449625 0.5410879625 0.3625061421875 0.46682098749999995 0.35310955
0 0.5579668203125 0.361060515625 0.5608603390625 0.389250296875 0.6351273140625 0.385636221875 0.632233796875 0.36467458750000004 0.5579668203125 0.361060515625
0 0.737847221875 0.332147915625 0.7634066359375 0.349495475 0.8333333328125001 0.33720762031249996 0.8082561734375 0.31046346874999997 0.737847221875 0.332147915625
0 0.6741898140625 0.32853384375 0.6351273140625 0.3270882125 0.6409143515625 0.346604215625 0.668402778125 0.3444357703125 0.6741898140625 0.32853384375