0 0.20616459062499998 0.6896354171875 0.21269594062500002 0.66027399375 0.1966187703125 0.6559771984375 0.1961163578125 0.1016907890625 0.1900874203125 0.648815875 0.1735078375 0.6538288015625 0.13632938125 0.7147000484375 0.1373342046875 0.7619647796875 0.1609475484375 0.743345340625 0.1709957796875 0.7046741953125 0.20616459062499998 0.6896354171875
0 0.34683983125 0.6753127703125 0.3563856515625 0.6344932296875 0.2981059078125 0.6352093609375 0.2986083203125 0.40318249218749996 0.2900673234375 0.6344932296875 0.24485028125000002 0.64093841875 0.2131983515625 0.660990125 0.205662178125 0.6953644765625 0.172000603125 0.7082548578125001 0.164966840625 0.75337119375 0.2187248796875 0.7927584703125 0.280521503125 0.8013520578125 0.2971010859375 0.7369001500000001 0.34683983125 0.6753127703125
0 0.3086565515625 0.8214037609375 0.436771503125 0.794906865625 0.4327522109375 0.7598163828125 0.5397658765625 0.6753127703125 0.5061043 0.607996334375 0.48299336875 0.6115769953125 0.47796925312500005 0.6445190828125 0.44129320781250003 0.6359254937500001 0.4242112140625 0.5958220843750001 0.3614097671875 0.61515765625 0.345332596875 0.68247409375 0.3016227890625 0.7318872234375 0.2780094453125 0.798487528125 0.3031300234375 0.819255365625 0.308154140625 0.814958571875 0.3101637859375 0.814958571875 0.3086565515625 0.8214037609375
0 0.61161073125 0.6946483437500001 0.572925040625 0.6523965375 0.4392835609375 0.7512227953124999 0.4377763265625 0.79633913125 0.463901728125 0.8772620828125 0.5121332390625 0.8593587749999999 0.555843046875 0.8564942453125 0.61161073125 0.6946483437500001
0 0.74073050625 0.6860547546875 0.752788384375 0.607996334375 0.65933983125 0.5822155703125 0.6241710203124999 0.650248140625 0.6196493171874999 0.70324193125 0.59804561875 0.722577503125 0.5769443328125 0.8228360265625 0.6377361328125 0.9016105812499999 0.755802853125 0.8500490562499999 0.786449959375 0.7003774015625 0.74073050625 0.6860547546875
0 0.93817825625 0.6753127703125 0.797000603125 0.6638546546875 0.76434385 0.828565084375 0.7553004421875 0.882275009375 0.8422176453124999 0.9732238125 0.9421975484375 0.963197959375 0.9547578375000001 0.8743975546874999 0.93817825625 0.6753127703125
0 0.8809033359375 0.524208853125 0.8462369375 0.5707574515625 0.8824105703124999 0.6373577578125 0.953250603125 0.5814994390625 0.9457144296875001 0.5270733828124999 0.8809033359375 0.524208853125
0 0.8447297031250001 0.5707574515625 0.8603044609375001 0.5485573515625 0.8603044609375001 0.5285056453125 0.8261404750000001 0.46333760625 0.778411375 0.4812409125 0.7568076765625 0.5370992343750001 0.7648462625 0.5958220843750001 0.8080536578125 0.61945445 0.8130777734375 0.6230351109375001 0.8522658765625 0.6008350109375 0.8447297031250001 0.5707574515625
0 0.6990303453125 0.5285056453125 0.6638615359375 0.5098862078125 0.622161375 0.5213443234375 0.5834756828125001 0.58579623125 0.6332144296875 0.6072802 0.6618518890625 0.5736219828125 0.7030496375 0.58937689375 0.6990303453125 0.5285056453125
0 0.7397256828125001 0.504157146875 0.698025521875 0.5521380140625001 0.705059284375 0.5908091578125 0.7532907953125 0.6029834078125 0.76434385 0.58937689375 0.755802853125 0.5370992343750001 0.7397256828125001 0.504157146875
0 0.3955737546875 0.37596946249999996 0.3021252015625 0.3530532296875 0.30614449375 0.406763153125 0.3975834 0.4239503296875 0.4051195734375 0.39673729999999996 0.3955737546875 0.37596946249999996
0 0.3438253625 0.355917759375 0.40009545781250005 0.3731049359375 0.406124396875 0.39602116875000004 0.42772809531249995 0.406763153125 0.4342594453125 0.37596946249999996 0.3880375796875 0.335149921875 0.3513615359375 0.3365821875 0.3438253625 0.355917759375
0 0.4327522109375 0.39673729999999996 0.4563655546875 0.40246635781249995 0.4543559078125 0.355917759375 0.44481008906249997 0.33228539218750003 0.40110028125 0.3294208640625 0.3975834 0.3380144515625 0.433757034375 0.3723888015625 0.4327522109375 0.39673729999999996
0 0.484500603125 0.3917243734375 0.4900271296875 0.42251806406250003 0.5684033359375 0.4346923140625 0.565891278125 0.4017502265625 0.484500603125 0.3917243734375
0 0.572925040625 0.4339761796875 0.596538384375 0.431111653125 0.603069734375 0.3945889046875 0.5633792203125 0.3924405078125 0.572925040625 0.4339761796875
0 0.6261806671875 0.36021455156250004 0.5734274515625 0.3530532296875 0.5719202171875 0.367375875 0.528712821875 0.3938727734375 0.6055817921875 0.3953050359375 0.603572146875 0.42824712187499997 0.616634846875 0.42824712187499997 0.6412530140625 0.42896325625 0.6452723078125 0.3917243734375 0.6261806671875 0.36021455156250004
0 0.6909917609375 0.440421371875 0.6492916 0.438272975 0.6327120171875 0.46118920937499996 0.63874095625 0.4769441203125 0.6769242359375001 0.4755118546875 0.6909917609375 0.440421371875
0 0.6955134640625 0.410343815625 0.67993870625 0.4790925171875 0.70003516875 0.49484742812500004 0.7447497984375 0.4769441203125 0.746257034375 0.41822126875 0.6955134640625 0.410343815625
0 0.745754621875 0.43039551875 0.7432425640625 0.48410544375000003 0.7638414390625 0.4962796921875 0.7995126609375001 0.4640537390625 0.7959957796875 0.43970524062500005 0.745754621875 0.43039551875
0 0.7844403140625 0.431111653125 0.8025271296875 0.460473078125 0.800015071875 0.4346923140625 0.8381983515625 0.44185363750000006 0.837695940625 0.40819541875 0.725155746875 0.4046147578125 0.7497739140624999 0.41965353437499997 0.7497739140624999 0.43039551875 0.7844403140625 0.431111653125
0 0.8402079984374999 0.43970524062500005 0.8457345249999999 0.48482157499999995 0.867840634375 0.5170475296875 0.868343046875 0.524924984375 0.93064208125 0.512034603125 0.9401879015624999 0.46835053281250005 0.9130576765624999 0.44113750625000003 0.8402079984374999 0.43970524062500005