0 0.378846153125 0.9179782765625 0.259134615625 0.8638882734375001 0.1927884609375 0.8816227 0.1543269234375 0.8567945015625 0.1134615390625 0.9011305703125 0.07451923125 0.9144313890625 0.003365384375 0.978275325 0 0.99711815625 0.33125 0.99711815625 0.378846153125 0.9179782765625
0 0.1134615390625 0.9011305703125 0.153846153125 0.8514741734375001 0.1956730765625 0.8825094203124999 0.2572115390625 0.859454665625 0.2735576921875 0.8665484375 0.28173076875 0.8239858124999999 0.26538461562500004 0.8142318796874999 0.0009615390624999999 0.8771890921875001 0.00673076875 0.91354466875 0.0514423078125 0.9162048328125 0.1134615390625 0.9011305703125
0 0.2293269234375 0.776102859375 0.18846153906250002 0.7512746625 0.0014423078125 0.8151185999999999 0.0009615390624999999 0.8612281093749999 0.20240384687500002 0.8213256484375 0.2293269234375 0.776102859375
0 0.1980769234375 0.727333184375 0.1543269234375 0.6741299046875 0.097115384375 0.67679006875 0.0048076921875 0.701618265625 0.00048076875000000005 0.79649745 0.184615384375 0.7548215468749999 0.1980769234375 0.727333184375
0 0.1543269234375 0.6599423625 0.1269230765625 0.6333407234374999 0.0052884609375 0.6510751499999999 0.00048076875000000005 0.697184659375 0.1456730765625 0.6759033484375 0.1543269234375 0.6599423625
0 0.10625 0.6076258046875 0.06971153906250001 0.5553092453125 0.05240384687500001 0.56151629375 0.0365384609375 0.4808246515625 0.040865384375 0.5473287515624999 0.0009615390624999999 0.5650631781250001 0.0019230765625 0.6422079359375 0.10048076875 0.6342274437500001 0.10625 0.6076258046875
0 0.8701923078125 0.9170915531249999 0.7245192312500001 0.87984925625 0.6504807687499999 0.9623143421875 0.6644230765625 0.99512303125 0.9197115390624999 0.9933495906250001 0.8701923078125 0.9170915531249999
0 0.9984375 0.9913544671875 0.9984375 0.94524495625 0.997115384375 0.88960319375 0.8072115390624999 0.8275326968750001 0.7610576921875001 0.8789625359375 0.871153846875 0.9162048328125 0.903846153125 0.9676346718750001 0.9984375 0.9913544671875
0 0.9966346156249999 0.6900908875 0.971634615625 0.669696296875 0.82451923125 0.6998448234375 0.846153846875 0.837286634375 0.9966346156249999 0.8736422078125001 0.9966346156249999 0.6900908875
0 0.95 0.6608290828125 0.8668269234375 0.56151629375 0.8110576921874999 0.54644203125 0.760096153125 0.580137440625 0.771153846875 0.6652626921875 0.8038461531250001 0.7087120375 0.95 0.6608290828125
0 0.73701923125 0.5792507203125 0.73798076875 0.54289514375 0.702884615625 0.5331412109375 0.677403846875 0.5792507203125 0.67451923125 0.596985146875 0.7072115390625 0.5996453109375001 0.73701923125 0.5792507203125
0 0.6485576921875 0.51895366875 0.622115384375 0.5810241640625 0.6740384609375 0.596985146875 0.6822115390625 0.5295943249999999 0.6485576921875 0.51895366875
0 0.48461538437499996 0.4896918640625 0.45480769218750006 0.5313677671875 0.4927884609375 0.5517623578124999 0.5423076921875001 0.51895366875 0.48461538437499996 0.4896918640625
0 0.3360576921875 0.58545776875 0.416346153125 0.522500553125 0.4173076921875 0.4302815328125 0.34423076875 0.48348481562499995 0.26201923125 0.48348481562499995 0.2519230765625 0.5624030140625 0.3360576921875 0.58545776875