0 0.376194853125 0.6342872671875 0.483935865625 0.6614607921875 0.567167075 0.625706153125 0.562060865625 0.59710244375 0.5845281859375 0.5112913156250001 0.5518484484374999 0.501280015625 0.5145731203125 0.452653709375 0.5033394609374999 0.452653709375 0.5012969765624999 0.47553667656250004 0.4696384796875 0.47267630625 0.45993668281250005 0.44049713281249997 0.4548304734375 0.46624047031250004 0.41806576875 0.4762517703125 0.41551266406250004 0.4419273171875 0.36291870937500004 0.5127214984374999 0.35883374218749997 0.6278514328125 0.36802491875 0.6321419890625 0.3685355390625 0.537749746875 0.376194853125 0.6342872671875
0 0.9720894609374999 0.304629509375 0.9092830875000001 0.2867521921875 0.8949857031249999 0.0007150921875 0.8909007359375 0 0.8919219765624999 0.28532200625000004 0.8372855390625 0.32107664375 0.8418811281249999 0.3589765609375 0.8265625 0.3983066609375 0.8429023687500001 0.42118962812499994 0.9695363562500001 0.4226198140625 0.9971098859374999 0.394016103125 0.9720894609374999 0.304629509375
0 0.184712009375 0.1930750421875 0.15152165 0.1737675390625 0.14437295781249998 0 0.14079861093749999 0.180203371875 0.12088439531249999 0.21595800937499998 0.12190563750000001 0.2660145015625 0.168372140625 0.2674446875 0.17501021249999998 0.216673103125 0.184712009375 0.1930750421875
0 0.26590073593749997 0.2624390390625 0.256709559375 0.274595615625 0.25007148749999997 0.22382403125 0.26896446093750004 0.21381273125 0.20820057187500002 0.038615009374999995 0.199520015625 0.038615009374999995 0.18828635625 0.19593541406249998 0.1658190359375 0.26315413125 0.1540747546875 0.269589965625 0.148457925 0.2981936765625 0.1724571078125 0.34252942656249996 0.25313521250000004 0.32822757187499996 0.277645015625 0.301769140625 0.26590073593749997 0.2624390390625
0 0.376194853125 0.3589765609375 0.37568423125 0.318931365625 0.3343239375 0.27960126406249997 0.3256433828125 0.0014301859375 0.3184946890625 0.27102015156250003 0.2638582515625 0.323221921875 0.28581495156250003 0.3747086 0.355770015625 0.36970295000000003 0.36955678125 0.3353784984375 0.376194853125 0.3589765609375
0 0.4104064546875 0.17233735156250002 0.39610906875 0.17233735156250002 0.387939134375 0.006435834375 0.37976920000000003 0.0007150921875 0.3772160953125 0.17662790781249998 0.3552593953125 0.1937901359375 0.3654718140625 0.24384662656249997 0.4354268796875 0.2374107921875 0.44308619218749995 0.204516525 0.4104064546875 0.17233735156250002
0 0.5201899515624999 0.238840978125 0.5181474671874999 0.2088070828125 0.48904207499999997 0.13300725156249998 0.4670853765625 0.1308619734375 0.4655535125 0.006435834375 0.4532986109375 0.00429055625 0.451256128125 0.202371246875 0.44359681406249996 0.202371246875 0.42725694374999995 0.274595615625 0.451256128125 0.2881823765625 0.49261642187500004 0.28460691250000003 0.5201899515624999 0.238840978125
0 0.5375510625000001 0.233835328125 0.52887050625 0.002860371875 0.5181474671874999 0.23526551406250001 0.495680146875 0.283176728125 0.4997651140625 0.31750117968749997 0.5926981203125 0.31607099375000003 0.598825571875 0.2366957 0.5375510625000001 0.233835328125
0 0.701970996875 0.2724503375 0.6427389703124999 0.22668439999999998 0.6412071078125 0 0.6361008984375001 0.0050056499999999995 0.6350796562500001 0.189499578125 0.6202716500000001 0.238840978125 0.5926981203125 0.2817465421875 0.585549428125 0.3754236921875 0.7014603765625 0.36541239375 0.712183415625 0.350395446875 0.701970996875 0.2724503375
0 0.7744791671875 0.28532200625000004 0.7821384796874999 0.22382403125 0.76018178125 0.2088070828125 0.6973754078125001 0.206661803125 0.680014296875 0.23169005 0.673886846875 0.2417013484375 0.7024816171875 0.274595615625 0.7050347218749999 0.2867521921875 0.7744791671875 0.28532200625000004
0 0.8766033500000001 0.1623260546875 0.8776245921875001 0.002145278125 0.83983864375 0.180918465625 0.8418811281249999 0.22882967812500002 0.8954963234375001 0.224539121875 0.8857945265625 0.1623260546875 0.8766033500000001 0.1623260546875
0 0.9746425656250001 0.2173881953125 0.9373672390625 0.2173881953125 0.9348141343749999 0.2502824609375 0.96800449375 0.2495673703125 0.976174428125 0.23598060625 0.9746425656250001 0.2173881953125
0 0.012632760937500001 0.1694769796875 0.0044628265625 0.165186425 0.0029309640625000003 0.23526551406250001 0.022334559375 0.2252542140625 0.012632760937500001 0.1694769796875