0 0.1620370375 0.5759867843750001 0.1504629625 0.5245464546874999 0.11332947499999999 0.4883208703125 0.0646219140625 0.5303425500000001 0.057870370312499995 0.584680925 0.074749228125 0.6187329734375 0.07330246875 0.626702603125 0.14949845625 0.6281516265625 0.1620370375 0.5759867843750001
0 0.23967978437499998 0.4970150125 0.2324459875 0.4578913796875 0.1620370375 0.459340403125 0.14998070937500002 0.510780734375 0.16155478437499998 0.5281690140624999 0.231963734375 0.5346896203125 0.23967978437499998 0.4970150125
0 0.4190779328125 0.69987828125 0.40702160468750004 0.66655074375 0.3795331796875 0.6723468375 0.3660300921875 0.5962731125 0.30623070937499997 0.6020692046875 0.3009259265625 0.6904596296875 0.30960648125 0.7266852140625 0.34866898125 0.7600127515625 0.4166666671875 0.7266852140625 0.4190779328125 0.69987828125
0 0.33516589531249996 0.6013446953125 0.3684413578125 0.5962731125 0.3756751546875 0.627427115625 0.4152199078125 0.603518228125 0.41425540156249996 0.565843621875 0.4075038578125 0.5585985046874999 0.4075038578125 0.5165768265625 0.397858796875 0.5165768265625 0.395929784375 0.44702370625 0.390625 0.514403290625 0.316358025 0.52382194375 0.316358025 0.5390366906249999 0.3303433640625 0.5455572937500001 0.33516589531249996 0.6013446953125
0 0.5719521609375 0.554251434375 0.5714699078125001 0.3999304453125 0.5589313265625 0.398481421875 0.5579668203125 0.450646265625 0.5333719140625 0.45354431249999994 0.5353009265625001 0.46948356875 0.504436728125 0.48397380312499994 0.50684799375 0.5397612015625 0.5140817906249999 0.5520778984375 0.5492862656249999 0.5636700875 0.5719521609375 0.554251434375
0 0.6751543203125 0.5187503609374999 0.589795525 0.5303425500000001 0.5748456796875 0.5390366906249999 0.5738811734375 0.5883034828125 0.584490740625 0.6165594390625 0.6385030859375 0.6498869765624999 0.6881751546875 0.6223555328125 0.6751543203125 0.5187503609374999
0 0.70794753125 0.7513186109375 0.6838348765625 0.7817481015625 0.6876929015625 0.82159624375 0.749421296875 0.8201472203125 0.740740740625 0.7824726125 0.70794753125 0.7513186109375
0 0.7870370375 0.532516084375 0.780767746875 0.5288935265625 0.7793209875 0.4818002671875 0.7175925921874999 0.48252477968749996 0.70987654375 0.5491798515624999 0.7556905859375 0.5767112953125 0.78221450625 0.5593230171875 0.7870370375 0.532516084375
0 0.9230324078125 0.6527850234375 0.9230324078125 0.586854459375 0.9133873453125 0.426737378125 0.9071180562500001 0.5303425500000001 0.827546296875 0.5281690140624999 0.8039158953125 0.5912015312500001 0.811149690625 0.6375702765625 0.8183834875 0.6498869765624999 0.8699845671875 0.66075465 0.9230324078125 0.6527850234375
0 0.8796296296874999 0.4962905 0.8714313265625 0.43398249531250005 0.8362268515625001 0.43180895937499997 0.8106674375 0.45354431249999994 0.8169367281250001 0.5042601296875 0.8444251546875 0.5194748734375 0.8704668203124999 0.5194748734375 0.8796296296874999 0.4962905
0 0.8101851859375 0.39268533125 0.77449845625 0.4071755640625 0.775945215625 0.441952125 0.8106674375 0.4528198 0.8169367281250001 0.4397785890625 0.8101851859375 0.39268533125
0 0.67081404375 0.44340114843749995 0.6061921296875 0.44340114843749995 0.6037808640625 0.504984640625 0.6577932093750001 0.5187503609374999 0.6741898140625 0.4955659875 0.67081404375 0.44340114843749995
0 0.7282021609375 0.44992175312500005 0.70794753125 0.4528198 0.7118055562500001 0.416594215625 0.67177855 0.41224714531249995 0.67177855 0.43543151875 0.673225309375 0.46875905625 0.703607253125 0.472381615625 0.7282021609375 0.44992175312500005
0 0.346257715625 0.411522634375 0.30960648125 0.41804323906249996 0.2980324078125 0.4578913796875 0.30381944375000003 0.48614733593750004 0.35976080312500003 0.48976989375 0.356867284375 0.43470700781250005 0.346257715625 0.411522634375
0 0.1813271609375 0.4238393328125 0.1673418203125 0.2876311359375 0.14853395 0.28690662499999997 0.1292438265625 0.4238393328125 0.1369598765625 0.46223844999999997 0.1740933640625 0.4528198 0.1972415125 0.4281864015625 0.1813271609375 0.4238393328125
0 0.26716820937499997 0.41224714531249995 0.24402006250000002 0.3695009546875 0.23919753125 0.2970497890625 0.22907021562500002 0.29560076562500004 0.21315586406249998 0.405726540625 0.20833333281250002 0.407900075 0.2088155859375 0.4397785890625 0.20254629687499998 0.44702370625 0.270061728125 0.43253347187499996 0.26716820937499997 0.41224714531249995
0 0.2864583328125 0.39268533125 0.271026234375 0.407900075 0.266203703125 0.45354431249999994 0.2932098765625 0.45716686875 0.311053240625 0.417318728125 0.2864583328125 0.39268533125
0 0.3689236109375 0.47310612656249995 0.4026813265625 0.44412565937500004 0.387249228125 0.3332753734375 0.346257715625 0.33182635 0.3385416671875 0.40282849218749994 0.34866898125 0.4086245875 0.358796296875 0.439054078125 0.3689236109375 0.47310612656249995
0 0.4513888890625 0.383991190625 0.425829475 0.41369616875000004 0.43065200625 0.4397785890625 0.48128857968750005 0.43470700781250005 0.47598379687500003 0.37747058437500003 0.4513888890625 0.383991190625
0 0.537712190625 0.3731235140625 0.5338541671875 0.2796615078125 0.5333719140625 0.3651538875 0.516010803125 0.422390309375 0.5227623453125 0.4412276125 0.5579668203125 0.44340114843749995 0.5555555562500001 0.383266678125 0.537712190625 0.3731235140625
0 0.6076388890625 0.3796441203125 0.5984760796875 0.3521126765625 0.59365355 0.20503680468750002 0.591242284375 0.3455920703125 0.577739196875 0.40282849218749994 0.57822145 0.426737378125 0.6370563265625 0.4274618890625 0.634162809375 0.3767460734375 0.6076388890625 0.3796441203125
0 0.8945794749999999 0.4289109125 0.8854166671874999 0.411522634375 0.8976337453125 0.39220232187500004 0.94039351875 0.42166579843749996 0.9408757718749999 0.40210398124999996 0.9235146609375 0.383991190625 0.903742284375 0.3825421671875 0.8756108546875 0.4245638453125 0.8661265437500001 0.422390309375 0.859375 0.389062771875 0.825617284375 0.39268533125 0.815972221875 0.4093490984375 0.81741898125 0.43543151875 0.858008615625 0.4245638453125 0.8945794749999999 0.4289109125
0 0.6703317906249999 0.407900075 0.7137345671875 0.416594215625 0.71084105 0.43398249531250005 0.7749807093750001 0.4303599359375 0.772087190625 0.39268533125 0.6389853390625 0.38036863125 0.6433256171874999 0.4368805421875 0.6703317906249999 0.43543151875 0.6703317906249999 0.407900075
0 0.9442515437500001 0.389787284375 0.9394290125 0.4281864015625 0.9972993828125001 0.43470700781250005 0.9982638890625 0.394858865625 0.9442515437500001 0.389787284375