0 0.20192307656250003 0.5724088125 0.2235576921875 0.5760202234375 0.1980769234375 0.41711809375 0.21730769218749998 0.5666305515625 0.1980769234375 0.5644637046875001 0.1956730765625 0.42867461249999994 0.19375 0.5550740328125 0.1793269234375 0.5514626218750001 0.13173076875 0.3665583234375 0.1240384609375 0.31238714375 0.11538461562499999 0.36511376093750003 0.12307692343750001 0.5435175171875 0.0706730765625 0.6114120609375 0.1769230765625 0.6078006499999999 0.22163461562500003 0.606356084375 0.225 0.5911881546875 0.20192307656250003 0.5724088125
0 0.035096153125 0.5767425078125 0.002403846875 0.3665583234375 0.028365384375000004 0.5724088125 0.0105769234375 0.5572408796875 0.00048076875000000005 0.5449620796875 0.00048076875000000005 0.6366919453125 0.0076923078125 0.6309136875 0.051923076562500003 0.6309136875 0.0625 0.6041892375 0.0514423078125 0.5774647890625 0.035096153125 0.5767425078125
0 0.316346153125 0.5543517515625 0.30961538437499997 0.630191403125 0.27692307656250004 0.63885879375 0.3009615390625 0.65113759375 0.34086538437499997 0.654026725 0.3634615390625 0.64969303125 0.3865384609375 0.6287468406250001 0.35240384687500004 0.549295775 0.316346153125 0.5543517515625
0 0.465384615625 0.593355003125 0.4456730765625 0.562296859375 0.3937783359375 0.32910744531249997 0.3937852109375 0.3301849640625 0.39364500156250004 0.3294556171875 0.3884615390625 0.5659082703125 0.3697115390625 0.5680751171875 0.39375 0.6208017328125 0.4302884609375 0.627302275 0.459615384375 0.6186348875000001 0.465384615625 0.593355003125
0 0.48365384687499996 0.53773925625 0.49423076874999994 0.536294690625 0.4980769234375 0.5139039359375001 0.47644230781249997 0.516070784375 0.46634615312500005 0.5124593703125 0.4447115390625 0.451065365625 0.43365384687499997 0.4749006859375 0.4355769234375 0.5124593703125 0.45048076875 0.5615745750000001 0.47163461562500003 0.5897435890625 0.4673076921875 0.6114120609375 0.5221153843749999 0.606356084375 0.5293269234375 0.5817984828125 0.5 0.5832430468750001 0.48365384687499996 0.53773925625
0 0.590865384375 0.59263271875 0.575 0.5579631640625 0.5427884609375 0.562296859375 0.521153846875 0.6395810749999999 0.6173076921875 0.6359696640625 0.6360576921875001 0.6027446734375 0.608653846875 0.5919104359375 0.590865384375 0.59263271875
0 0.8197115390624999 0.5673528359375 0.8173076921875 0.55001805625 0.784615384375 0.547851209375 0.7543269234375 0.5666305515625 0.74326923125 0.627302275 0.808653846875 0.6287468406250001 0.8235576921875 0.628024559375 0.840865384375 0.5969664125 0.8197115390624999 0.5673528359375
0 0.959615384375 0.640303359375 0.934615384375 0.6395810749999999 0.91923076875 0.6482484640624999 0.9019230765625 0.6460816171875 0.8980769234375 0.66197183125 0.9456730765625 0.6691946546875001 0.9615384609375001 0.663416396875 0.959615384375 0.640303359375
0 0.46394230781249995 0.8338750453125 0.385096153125 0.8122065734374999 0.3043269234375 0.8006500546875 0.2322115390625 0.773203321875 0.24615384687500003 0.8006500546875 0.2293269234375 0.811484290625 0.21923076875 0.8374864578125001 0.24182692343749998 0.877934271875 0.409615384375 0.9118815453125 0.45048076875 0.9010473093750001 0.46394230781249995 0.8338750453125
0 0.175 0.9963885875 0.2865384609375 0.9956663046875001 0.2134615390625 0.9133261109375 0.1480769234375 0.8671000359375001 0.134615384375 0.8714337296875 0.127403846875 0.9061032859375 0.1240384609375 0.9494402296875 0.175 0.9963885875
0 0.05 0.7435897437500001 0.0365384609375 0.7269772484375 0.0014423078125 0.7276995312500001 0.00048076875000000005 0.776092453125 0.04375 0.7688696296875001 0.05 0.7435897437500001