0 0.0896990734375 0.7826569078125 0.0641396609375 0.7909736078125 0.0540123453125 0.8843054640625001 0.1316550921875 0.887077696875 0.11815200625 0.8085310874999999 0.0896990734375 0.7826569078125
0 0.13454861093749998 0.70226214375 0.11043595625 0.6634508765625 0.082465278125 0.6662231109375 0.075713734375 0.680084275 0.081500771875 0.7078066078125 0.09982638906249999 0.7383011765624999 0.1359953703125 0.7244400093750001 0.13454861093749998 0.70226214375
0 0.235821759375 0.7715679765625 0.16396605 0.7789605984375 0.16155478437499998 0.8528868203125001 0.236786265625 0.8750646859375 0.24932484531250002 0.8547349734375 0.235821759375 0.7715679765625
0 0.3014081796875 0.788201375 0.30478394999999997 0.746617875 0.22955246875 0.705034375 0.21508487656250003 0.7179714640625 0.2228009265625 0.7669475875 0.271990740625 0.793745840625 0.3014081796875 0.788201375
0 0.19434799375 0.6227914546875 0.191936728125 0.6431211640625001 0.2459490734375 0.6625268 0.2459490734375 0.631108153125 0.19434799375 0.6227914546875
0 0.39158950625 0.825164484375 0.35976080312500003 0.8011384640625 0.3317901234375 0.79836623125 0.3404706796875 0.8482664312500001 0.38966049375 0.8648998296875 0.39158950625 0.825164484375
0 0.4513888890625 0.7900495296875001 0.4296875 0.7992903078125 0.433545525 0.8445701203124999 0.5285493828125001 0.88984993125 0.5353009265625001 0.828860796875 0.4513888890625 0.7900495296875001
0 0.38773148125 0.681008353125 0.355420525 0.6976417546875 0.355420525 0.7336807875 0.4128086421875 0.755858653125 0.425829475 0.7004139875 0.38773148125 0.681008353125
0 0.5488040125 0.8593553625 0.5762924375 0.8491905093750001 0.580632715625 0.8085310874999999 0.51456404375 0.766023509375 0.48514660468750004 0.776188365625 0.4875578703125 0.8020625421875 0.5367476859375 0.8233163296875 0.5488040125 0.8593553625
0 0.664544753125 0.7577068078125 0.58690200625 0.7272122421875 0.5647183640625 0.7401493328125001 0.5680941359375 0.76509943125 0.5700231484375 0.7808087515625 0.66116898125 0.79836623125 0.664544753125 0.7577068078125
0 0.3390239203125 0.5636504765625 0.3337191359375 0.379759 0.3293788578125 0.5673467875 0.27440200625 0.5627263984375 0.28115355000000003 0.596917275 0.3650655859375 0.6015376640625 0.3645833328125 0.56919494375 0.3390239203125 0.5636504765625
0 0.3004436734375 0.6080062093749999 0.3004436734375 0.63203223125 0.3631365734375 0.6357285421875 0.3660300921875 0.6052339765625 0.3004436734375 0.6080062093749999
0 0.41184413593749997 0.6209433 0.39834105000000003 0.6209433 0.3616898140625 0.6505137875 0.36024305624999997 0.6773120421875001 0.42534722187499996 0.6763879640625 0.42775848749999995 0.6551341765625 0.41184413593749997 0.6209433
0 0.5526620375 0.628335921875 0.4832175921875 0.649589709375 0.4798418203125 0.6754638859375001 0.5570023140625 0.6957935984375 0.5724344140625 0.6551341765625 0.5526620375 0.628335921875
0 0.71084105 0.6763879640625 0.699749228125 0.661602721875 0.625482253125 0.6560582546875 0.624517746875 0.7068825296875 0.7185570984375 0.71519923125 0.7272376546875 0.671767575 0.71084105 0.6763879640625
0 0.4128086421875 0.564574553125 0.41425540156249996 0.6015376640625 0.46971450625 0.6052339765625 0.47309027812500004 0.568270865625 0.4128086421875 0.564574553125
0 0.49961419687499997 0.576587565625 0.49864969062500003 0.6163229109375 0.5598958328125 0.6144747546875 0.5680941359375 0.5802838765625 0.49961419687499997 0.576587565625
0 0.42872299375 0.46292600000000006 0.36988811718750003 0.4675463890625 0.3689236109375 0.5294595984375 0.47887731406249995 0.5100539671875 0.42872299375 0.46292600000000006
0 0.624517746875 0.58582834375 0.626446759375 0.5710430984375 0.6100501546875 0.5405485328124999 0.5492862656249999 0.5387003765625 0.5488040125 0.5719671765625 0.5758101859375 0.5728912546875 0.57918595625 0.58952465625 0.624517746875 0.58582834375
0 0.707465278125 0.5738153328125 0.6457368828125001 0.56919494375 0.6481481484375 0.5941450421875001 0.6534529328125 0.5950691203125 0.7089120375 0.597841353125 0.707465278125 0.5738153328125
0 0.7055362656249999 0.6052339765625 0.7055362656249999 0.6255636890625 0.7402584875 0.620019221875 0.73543595625 0.6024617421875 0.7055362656249999 0.6052339765625