0 0.6801734421875001 0.6359530265625 0.7045636859375 0.6265582671875001 0.7311219515625 0.5709123765624999 0.7289539296875 0.539114725 0.74413008125 0.483468834375 0.6855934953125 0.4769647703125 0.6715013562500001 0.42782294375 0.65036314375 0.46178861875 0.620010840625 0.463233965625 0.6113387546875 0.42420957656249997 0.6010406500000001 0.42131887968750004 0.5836964765625 0.46106594375 0.5685203265625 0.47841011718750004 0.56039024375 0.44372177031250004 0.5593062343749999 0.474074075 0.530037940625 0.507317071875 0.49751761562499996 0.55501355 0.517029809375 0.6446251125 0.5858644984375 0.64028906875 0.6584932234374999 0.642457090625 0.6801734421875001 0.6359530265625
0 0.1311219515625 0.5665763328125 0.1056476953125 0.6576332421875 0.1164878046875 0.66485998125 0.16364227656250002 0.663414634375 0.1311219515625 0.5665763328125
0 0.1706883453125 0.6605239390625 0.18911653125 0.664137309375 0.1843296359375 0.5964825140625 0.1706883453125 0.629448959375 0.1706883453125 0.6605239390625
0 0.068791328125 0.5795844609375 0.06716531249999999 0.630171634375 0.0606612453125 0.6489611578125001 0.0839674796875 0.6489611578125001 0.068791328125 0.5795844609375
0 0.269333334375 0.573803071875 0.264997290625 0.63306233125 0.26716531250000003 0.654742546875 0.3040216796875 0.6590785921875 0.269333334375 0.60849141875 0.269333334375 0.573803071875
0 0.3658102984375 0.64173441875 0.40700270937500005 0.64101174375 0.379902440625 0.5694670296875 0.3658102984375 0.64173441875
0 0.9164878046875 0.643179765625 0.9397940374999999 0.64028906875 0.918113821875 0.59981933125 0.9164878046875 0.643179765625
0 0.954970190625 0.599096659375 0.94033604375 0.6482384828125001 0.9668943078125001 0.6496838296874999 0.9647262874999999 0.6200542 0.954970190625 0.599096659375
0 0.87095935 0.6352303515625 0.8530731703125 0.5817524859375001 0.8584932234375 0.6171635046875 0.8617452578125 0.6352303515625 0.87095935 0.6352303515625
0 0.7647262875 0.594037940625 0.757680215625 0.63306233125 0.7885745265625 0.6345076765625 0.7706883453125 0.599096659375 0.7647262875 0.594037940625
0 0.7251598921875 0.64101174375 0.7522601625 0.6373983734374999 0.738168021875 0.5962059625 0.7251598921875 0.64101174375