3 0.2109375 0.4875 0.0546875 0.1109375
1 0.30703125 0.6046875 0.0578125 0.2984375
12 0.5546875 0.221875 0.065625 0.1875
1 0.309375 0.66484375 0.0375 0.1875
11 0.2796875 0.47890625 0.08046875 0.2
9 0.21015625 0.4875 0.0515625 0.103125
0 0.109375 0.52109375 0.021875 0.1140625
1 0.053125 0.6453125 0.10625 0.209375
0 0.3765625 0.515625 0.025 0.14140625
0 0.565625 0.5328125 0.028125 0.240625
3 0.14921875 0.5265625 0.0640625 0.0859375
0 0.03828125 0.56796875 0.0765625 0.3234375
0 0.30703125 0.571875 0.0609375 0.3359375
0 0.62734375 0.56796875 0.065625 0.46640625