0 0.23046875 0.4875 0.021875 0.078125
0 0.375 0.56328125 0.0453125 0.40390625
3 0.28359375 0.465625 0.05 0.1140625
0 0.22109375 0.490625 0.01875 0.07890625
11 0.2828125 0.4671875 0.046875 0.1125
0 0.12109375 0.49609375 0.0203125 0.11640625
0 0.3828125 0.46328125 0.04296875 0.1984375
0 0.1546875 0.49609375 0.01875 0.11640625
1 0.41015625 0.715625 0.0453125 0.21640625
0 0.51328125 0.54375 0.05390625 0.28203125
0 0.40625 0.584375 0.07421875 0.4234375
0 0.30859375 0.56953125 0.05546875 0.30546875
0 0.65859375 0.5359375 0.05078125 0.325
0 0.89921875 0.54296875 0.159375 0.896875