3 0.615625 0.51484375 0.04375 0.0484375
2 0.39140625 0.4328125 0.02578125 0.04609375
0 0.075 0.5234375 0.02734375 0.19453125
11 0.69609375 0.4984375 0.0359375 0.075
0 0.2921875 0.5375 0.025 0.08359375
0 0.24765625 0.5203125 0.0203125 0.14609375
0 0.22890625 0.52265625 0.02265625 0.159375
0 0.921875 0.5125 0.015625 0.08046875
0 0.34765625 0.49921875 0.0203125 0.084375
9 0.97265625 0.5578125 0.053125 0.3484375
0 0.90625 0.51640625 0.015625 0.08359375
3 0.6390625 0.51015625 0.0453125 0.05390625
0 0.5890625 0.521875 0.021875 0.103125
0 0.1828125 0.52109375 0.025 0.1640625
3 0.4296875 0.53828125 0.178125 0.1375
11 0.790625 0.475 0.12265625 0.3140625
3 0.534375 0.53046875 0.06953125 0.1