0 0.30324662812500003 0.48735031093750003 0.2680828515625 0.480567634375 0.26519267812499997 0.4609732390625 0.251705203125 0.49865476875 0.235327553125 0.4979011375 0.243516378125 0.506191075 0.26422928749999997 0.504683815625 0.30324662812500003 0.48735031093750003
0 0.3774277453125 0.47152406718749995 0.3538246625 0.495640246875 0.36538535625 0.5009156609375001 0.4135549140625 0.48508941875 0.3774277453125 0.47152406718749995
0 0.481955684375 0.42329170781250003 0.4516088640625 0.412740878125 0.41789017343749996 0.43308890624999996 0.42029865156249996 0.4481615171875 0.4376396921875 0.44665425625 0.481955684375 0.42329170781250003
0 0.3547880546875 0.6290328656249999 0.4607610796875 0.577785984375 0.4463102109375 0.55065528125 0.40777456718750005 0.5642206328125 0.39236030781250003 0.5483943890625 0.28927745625 0.6237574515625 0.2844605015625 0.6252647125 0.291685934375 0.6448591078125 0.3547880546875 0.6290328656249999
0 0.3417822734375 0.5272927328125 0.3027649328125 0.5596988484375001 0.33311175312499997 0.5649742640625 0.38995183125 0.5536698046875 0.3417822734375 0.5272927328125
0 0.49014450781249996 0.5016692921875 0.45257225468750006 0.5378435625 0.49255298593749997 0.540104453125 0.5339788046875 0.5227709484374999 0.49014450781249996 0.5016692921875
0 0.51615606875 0.464741390625 0.49207129062500005 0.48433578749999995 0.5228998078125 0.4858430484375 0.5532466281249999 0.47001680625000003 0.51615606875 0.464741390625
0 0.6004527937499999 0.4798140046875 0.6389884390625 0.47001680625000003 0.60864161875 0.45343693281249997 0.6004527937499999 0.4798140046875
0 0.847080925 0.43082801406250004 0.85189788125 0.4165090328125 0.8090269749999999 0.4082190953125 0.7936127171875 0.436857059375 0.7945761078125 0.4496687796875 0.82058766875 0.44665425625 0.847080925 0.43082801406250004
0 0.5990077078125 0.4933793546875 0.5734778421875 0.5205100578125 0.5643256265625001 0.5370899312499999 0.63176300625 0.5129737515625 0.5990077078125 0.4933793546875
0 0.694865125 0.5024229234375001 0.6727071296875 0.525031840625 0.6871579953125 0.532568146875 0.7334007703125 0.5129737515625 0.694865125 0.5024229234375001
0 0.5479479765625 0.635815540625 0.49977842031249997 0.6184820375 0.47810211875 0.64938089375 0.4583526015625 0.6621926124999999 0.45738920937499994 0.67048255 0.4896628140625 0.6682216578125 0.5479479765625 0.635815540625
0 0.5831117531250001 0.58080050625 0.54891136875 0.5491480203125 0.5344605015624999 0.576278721875 0.5190462421875 0.5823077671875 0.523381503125 0.5988876421875 0.5334971093750001 0.60416305625 0.5831117531250001 0.58080050625
0 0.7464065515625 0.6011485328124999 0.76615606875 0.583061396875 0.718949903125 0.5725105703125 0.7083526015625 0.6034094249999999 0.7044990359375001 0.6086848390624999 0.7175048171875 0.6116993609375 0.7464065515625 0.6011485328124999
0 0.9410115609374999 0.576278721875 0.8976589593750001 0.571003309375 0.8798362234375 0.615467515625 0.90488439375 0.616974775 0.9366763015625 0.5973803796875 0.9410115609374999 0.576278721875
0 0.7126878609375 0.659178090625 0.717023121875 0.64109095625 0.6881213875000001 0.636569171875 0.662591521875 0.6636998734375 0.6635549140625 0.673497071875 0.6866763015624999 0.6780188546875 0.7126878609375 0.659178090625
0 0.6597013484375001 0.7157003875 0.6105684015625 0.694598728125 0.5787764937500001 0.7360484140625 0.5908188828125 0.74433835 0.6038246625 0.739816565625 0.6597013484375001 0.7157003875