0 0.5703125 0.5234375 0.015625 0.071875
1 0.059375 0.5765625 0.05 0.125
0 0.09375 0.525 0.0578125 0.228125
1 0.72578125 0.62890625 0.03125 0.125
1 0.13359375 0.553125 0.05234375 0.1140625
0 0.36015625 0.51484375 0.01484375 0.109375
1 0.0859375 0.5734375 0.10546875 0.1359375
0 0.521875 0.53046875 0.021875 0.1
0 0.3140625 0.5171875 0.02109375 0.13203125
13 0.521875 0.4171875 0.0109375 0.05703125
0 0.259375 0.5234375 0.02265625 0.125
0 0.296875 0.5359375 0.02421875 0.13046875
0 0.41875 0.51015625 0.015625 0.084375
0 0.9859375 0.75234375 0.02734375 0.140625
0 0.44140625 0.521875 0.021875 0.1125
3 0.6125 0.53046875 0.0625 0.11640625
2 0.3296875 0.41484375 0.028125 0.05390625
0 0.83125 0.5453125 0.05 0.25703125
0 0.72578125 0.56484375 0.040625 0.240625
0 0.87109375 0.5359375 0.04296875 0.303125