0 0.21015625 0.490625 0.0140625 0.05390625
0 0.14375 0.503125 0.015625 0.075
0 0.5359375 0.51171875 0.0171875 0.09296875
10 0.47890625 0.471875 0.07265625 0.18203125
9 0.37421875 0.4625 0.04765625 0.08359375
0 0.5234375 0.5125 0.01875 0.09140625
0 0.17109375 0.484375 0.01875 0.0640625
0 0.51796875 0.509375 0.01328125 0.09609375
11 0.375 0.4640625 0.05 0.0859375
0 0.2328125 0.490625 0.021875 0.0484375
0 0.9796875 0.62109375 0.040625 0.5578125
0 0.18984375 0.51171875 0.01953125 0.12109375
1 0.634375 0.534375 0.03125 0.08359375
0 0.853125 0.54765625 0.046875 0.3625
9 0.478125 0.475 0.0734375 0.18046875
0 0.115625 0.52265625 0.02265625 0.1484375
0 0.565625 0.521875 0.02890625 0.1390625
3 0.2890625 0.51484375 0.0890625 0.11796875
0 0.8 0.5703125 0.103125 0.58203125
0 0.6953125 0.55625 0.06328125 0.39609375