0 0.27999999999999997 0.5333333328125 0.2615053765625 0.527025090625 0.249462365625 0.5310394265625 0.24516129062499997 0.5172759859375 0.239139784375 0.5075268828125 0.23139785000000002 0.49089605937499997 0.2227956984375 0.5138351250000001 0.21720430156249998 0.5230107515625 0.212043009375 0.53275985625 0.20215053749999998 0.5350537625 0.20159574375 0.5397163125 0.20159574375 0.5524822687500001 0.2164893625 0.5581560296875 0.22666666562499999 0.558566309375 0.255913978125 0.55799283125 0.27139785 0.556272403125 0.2795698921875 0.5448028671875 0.27999999999999997 0.5333333328125
0 0.1432013765625 0.576018359375 0.156282271875 0.5705106140625 0.138037865625 0.5135972453125001 0.12908777968750001 0.4819277125 0.12598967187500001 0.46907630468750006 0.12013769375000001 0.493861159375 0.105335628125 0.5370051625000001 0.0987951796875 0.55903614375 0.10602409531250001 0.5659208265625 0.10464715937499999 0.58336201875 0.1012048203125 0.594377509375 0.08364888125 0.5952954671875 0.0812392421875 0.6021801499999999 0.09741824375 0.602639128125 0.1094664375 0.5994262765625 0.135628228125 0.6021801499999999 0.14905335625 0.6008032140624999 0.1500860578125 0.5851979328125 0.1432013765625 0.576018359375
0 0.1576592078125 0.493861159375 0.1521514625 0.476419965625 0.146299484375 0.4911072859375 0.141135971875 0.50487665 0.14251290781249998 0.5191049921875 0.15318416562499998 0.5599541015625 0.16041307968750002 0.5769363171874999 0.1635111875 0.5737234640625 0.1786574875 0.5737234640625 0.18072289218749998 0.564543890625 0.169363165625 0.5347102687499999 0.1576592078125 0.493861159375
0 0.3318416515625 0.5429718875 0.32013769375 0.5383820984375001 0.31566265 0.5466437171874999 0.3008605859375 0.550774528125 0.29363167031250004 0.5526104421875 0.283993115625 0.5452667812499999 0.279518071875 0.5493975890625 0.27194492187499997 0.5581181859375001 0.264371771875 0.5650028687499999 0.258864028125 0.5677567406249999 0.2564543875 0.5737234640625 0.27986230624999997 0.576018359375 0.30740103125 0.5737234640625 0.3321858859375 0.5732644859375 0.3438898453125 0.5672977625 0.3359724625 0.564543890625 0.3318416515625 0.5429718875
0 0.385197934375 0.537464140625 0.3800344234375 0.5264486500000001 0.373838209375 0.5223178421875 0.3672977625 0.5337923124999999 0.356282271875 0.536546184375 0.353872634375 0.5415949515625 0.338726334375 0.544807803125 0.33528399375 0.54847963125 0.3401032703125 0.558577165625 0.363855421875 0.55903614375 0.3734939765625 0.5544463578125 0.40585197968750003 0.5549053359375 0.403442340625 0.5411359734375 0.39414802031249996 0.5388410765625 0.385197934375 0.537464140625
0 0.4134251296875 0.5549053359375 0.402753871875 0.5608720593750001 0.400344234375 0.5682157203125 0.4247848546875 0.5691336765624999 0.479518071875 0.5672977625 0.5091222046875 0.5672977625 0.519793459375 0.5663798046874999 0.5270223765625001 0.5599541015625 0.519793459375 0.5572002296874999 0.5173838203125001 0.539300059375 0.51015490625 0.5328743546875 0.5018932875 0.529202525 0.48364888125 0.5337923124999999 0.48158347656249995 0.5333333328125 0.48020654062499996 0.528743546875 0.450554265625 0.4167238375 0.45053027187500005 0.41739566874999995 0.4500672234375 0.4153757890625 0.44819277187499995 0.4153757890625 0.44853700625000004 0.5324153765624999 0.44716006875 0.5388410765625 0.43511187656250006 0.5429718875 0.414802065625 0.5471026953125 0.4134251296875 0.5549053359375
0 0.6064 0.5709333328125 0.592 0.5677333328125 0.5722 0.5669333328125 0.5556 0.5682666671875001 0.5545212765625 0.573497871875 0.5481382984375001 0.5880368796875 0.55292553125 0.5894553203124999 0.56489361875 0.590873759375 0.5752659578125 0.5894553203124999 0.6005319140625 0.5901645390625 0.6125 0.57917163125 0.6125 0.5713702140625 0.6064 0.5709333328125
0 0.711702128125 0.5819148937499999 0.7178191484374999 0.568794325 0.7183510640625 0.5638297859375 0.6973404265625 0.5663120562499999 0.679787234375 0.5677304953125 0.6784574453125 0.564184396875 0.6763297875000001 0.40602836875000003 0.67207446875 0.40531914999999996 0.6736702125 0.5510638296875 0.6574468078125 0.54468085 0.6337765953125001 0.546808509375 0.629787234375 0.55531915 0.6223404265625 0.5627659578124999 0.6191489359375 0.570212765625 0.6178191484375 0.5762411359375 0.6242021281250001 0.5808510640625 0.6566489359375 0.5822695046875 0.6909574453125 0.5819148937499999 0.7050531921875 0.5833333328125 0.711702128125 0.5819148937499999
0 0.7929782078125001 0.5678773203125 0.7725856703125 0.5698857734375 0.7636803875 0.5895076671874999 0.7619937703125 0.6072689515625 0.765109034375 0.6180685359375 0.7794392515624999 0.6188992718749999 0.8018691578125001 0.6164070609375 0.8101694921875 0.606618240625 0.7997578703125 0.574979821875 0.7929782078125001 0.5678773203125
0 0.8587171484375 0.5436642453125 0.8490319187500001 0.5417272 0.841283734375 0.5417272 0.8354725953125 0.5497982234375 0.8284508046875001 0.5601291359375 0.8207026203125001 0.5640032296874999 0.8042377281249999 0.56206618125 0.8037534656249999 0.5704600484375 0.816344265625 0.5778853921875 0.8299035874999999 0.575948346875 0.8630755000000001 0.5765940265625 0.864770415625 0.5669087968750001 0.862106978125 0.556900725 0.8587171484375 0.5436642453125
0 0.883777240625 0.5281678765625 0.8789346234375 0.5259079890625 0.87288135625 0.535270378125 0.861985471875 0.5433414046875 0.8644067796874999 0.5556093625 0.8690072640625001 0.565940275 0.8898305078125001 0.5649717515625 0.8878934624999999 0.5627118640625 0.9055690078125 0.5598062953125 0.9 0.5523809515625 0.883777240625 0.54689265625 0.883777240625 0.5281678765625
0 0.9804713796875 0.5750841765625 0.9787878781250001 0.5800224484375 0.978114478125 0.5863075203125 0.971043771875 0.5890011234375 0.9622895625 0.5898989890624999 0.965993265625 0.5961840640625 0.9700336703125 0.61189674375 0.978451178125 0.6109988765625001 0.9818181812500001 0.6123456796875 0.998 0.6106666671875 0.998 0.576 0.9872053875000001 0.5773288421875 0.9804713796875 0.5750841765625
0 0.9589225578124999 0.535578003125 0.9521885515624999 0.5234567890624999 0.9434343437500001 0.5158249140625 0.9377104375 0.5023569015625 0.9306397296875 0.505499440625 0.921548821875 0.506846240625 0.9057239062500001 0.51537598125 0.90606060625 0.5283950609375 0.9070707078125 0.5396184046875 0.9070707078125 0.5508417515625 0.93164983125 0.5526374859375001 0.9424242421875 0.5512906859375 0.9538720546875 0.5454545468750001 0.9589225578124999 0.535578003125
0 0.641611671875 0.5434842234375 0.64120015 0.5382716046875 0.6331754578125001 0.5388203015624999 0.6202124953125 0.5396433468749999 0.6084841 0.5371742109375 0.6084841 0.5544581625 0.61836064375 0.5572016453125 0.62906023125 0.5544581625 0.6317351296875 0.5473251046875001 0.641611671875 0.5434842234375
0 0.6068 0.5589333328125 0.5992 0.4618666671875 0.5984 0.4624 0.601 0.544 0.602 0.5573333328125 0.5948 0.5597333328125 0.5831999999999999 0.5541333328125 0.5793999999999999 0.5536 0.5804 0.4533333328125 0.5746 0.4949333328125 0.5688 0.5256000000000001 0.5642 0.5442666671875 0.5628 0.5485333328124999 0.5554 0.5482666671875001 0.5496000000000001 0.5525333328124999 0.544 0.5573333328125 0.5488000000000001 0.5661333328125 0.554 0.5648 0.5698000000000001 0.5658666671875 0.6046 0.568 0.6068 0.5656 0.6068 0.5589333328125