1 0.5578125 0.55625 0.02109375 0.09609375
0 0.68203125 0.521875 0.01484375 0.08359375
9 0.828125 0.503125 0.040625 0.134375
0 0.65859375 0.52578125 0.01328125 0.0765625
11 0.82734375 0.50625 0.04375 0.1375
0 0.5578125 0.51484375 0.021875 0.14609375
0 0.875 0.54296875 0.06484375 0.2140625
13 0.88671875 0.03515625 0.028125 0.06796875
3 0.7859375 0.5265625 0.0234375 0.05
2 0.28984375 0.278125 0.0578125 0.128125
0 0.94375 0.528125 0.03359375 0.1734375
0 0.2109375 0.5171875 0.021875 0.165625
0 0.596875 0.52890625 0.053125 0.2140625
0 0.26015625 0.525 0.0296875 0.153125
1 0.60546875 0.5953125 0.07578125 0.15390625
9 0.7296875 0.490625 0.090625 0.17109375
0 0.1625 0.534375 0.03046875 0.259375
1 0.86875 0.609375 0.08984375 0.146875
0 0.35 0.534375 0.0375 0.24609375