3 0.325 0.5125 0.078125 0.10546875
1 0.5265625 0.52421875 0.02421875 0.1265625
11 0.478125 0.46484375 0.07578125 0.22109375
3 0.47578125 0.51328125 0.071875 0.10390625
13 0.328125 0.3671875 0.015625 0.0484375
3 0.38125 0.496875 0.03125 0.0609375
3 0.290625 0.5015625 0.0546875 0.10546875
3 0.36015625 0.50078125 0.05390625 0.06796875
9 0.48046875 0.46015625 0.06953125 0.20703125
0 0.115625 0.490625 0.02109375 0.07109375
3 0.590625 0.50390625 0.1125 0.0859375
0 0.525 0.51328125 0.028125 0.14296875
3 0.78828125 0.55234375 0.315625 0.20390625
3 0.93046875 0.66015625 0.1390625 0.3203125
3 0.23359375 0.509375 0.103125 0.159375