0 0.3765625 0.53125 0.040625 0.1265625
1 0.36875 0.55546875 0.04765625 0.1140625
0 0.5359375 0.565625 0.0625 0.103125
0 0.42421875 0.52109375 0.021875 0.10546875
0 0.4890625 0.5765625 0.06171875 0.1109375
1 0.971875 0.546875 0.0484375 0.1125
0 0.6921875 0.525 0.02265625 0.1390625
0 0.38984375 0.50234375 0.01875 0.07890625
0 0.36640625 0.51640625 0.02265625 0.10859375
0 0.89921875 0.51640625 0.021875 0.14453125
0 0.96875 0.5265625 0.02734375 0.1390625
1 0.4875 0.5828125 0.06484375 0.1015625
11 0.5953125 0.496875 0.059375 0.128125
0 0.33359375 0.5359375 0.040625 0.16640625
1 0.53515625 0.571875 0.071875 0.0984375
1 0.34140625 0.57734375 0.0609375 0.1125
0 0.54453125 0.528125 0.03125 0.128125
0 0.09375 0.51640625 0.021875 0.13359375
0 0.4953125 0.521875 0.03671875 0.146875
0 0.72421875 0.53125 0.04140625 0.22890625
0 0.165625 0.51796875 0.02578125 0.15
0 0.93046875 0.52578125 0.04375 0.23203125
0 0.11875 0.52734375 0.03359375 0.20390625
0 0.04609375 0.53515625 0.04765625 0.26796875
0 0.6375 0.56015625 0.04453125 0.25703125
0 0.86484375 0.5546875 0.078125 0.39296875