7 0.846875 0.58515625 0.096875 0.1125
0 0.709375 0.51171875 0.01953125 0.08203125
0 0.85 0.578125 0.09375 0.13203125
1 0.62734375 0.54765625 0.02890625 0.17890625
0 0.69140625 0.52421875 0.01640625 0.06796875
0 0.98515625 0.53515625 0.025 0.1375
0 0.7984375 0.5109375 0.01328125 0.0640625
1 0.84765625 0.5859375 0.09453125 0.121875
13 0.975 0.140625 0.02109375 0.06796875
0 0.740625 0.52421875 0.034375 0.13203125
0 0.6265625 0.5390625 0.03046875 0.178125
0 0.84765625 0.5390625 0.05859375 0.1640625
13 0.9359375 0.14765625 0.01953125 0.0625
13 0.62109375 0.29765625 0.04296875 0.14296875
1 0.73515625 0.56953125 0.06328125 0.103125
13 0.665625 0.29609375 0.0390625 0.153125
3 0.946875 0.540625 0.09140625 0.121875
0 0.45859375 0.496875 0.021875 0.10390625
0 0.01875 0.55625 0.03671875 0.37109375
0 0.35625 0.53828125 0.0328125 0.234375
0 0.08203125 0.559375 0.059375 0.3640625
3 0.52734375 0.578125 0.196875 0.21953125