0 0.6109375 0.52890625 0.01484375 0.08359375
3 0.55703125 0.528125 0.02109375 0.0375
0 0.70703125 0.52578125 0.01953125 0.115625
8 0.1796875 0.5484375 0.028125 0.13359375
0 0.6796875 0.521875 0.01796875 0.075
2 0.21484375 0.359375 0.03046875 0.071875
0 0.6734375 0.528125 0.0109375 0.071875
0 0.63203125 0.5390625 0.02265625 0.1359375
0 0.234375 0.52734375 0.0203125 0.1515625
0 0.18046875 0.54765625 0.0296875 0.14296875
0 0.90234375 0.53046875 0.034375 0.20546875
0 0.825 0.521875 0.02265625 0.159375
0 0.971875 0.55625 0.0390625 0.27109375
0 0.11015625 0.53046875 0.03515625 0.15859375
0 0.78046875 0.54140625 0.0421875 0.2609375