0 0.18097465 0.194727403125 0.3099433921875 0.18540172187499998 0.3183115921875 0.140208034375 0.2986217078125 0.13231707343750002 0.29517597812499996 0.11438307031249999 0.263179915625 0.125143471875 0.23758306718750002 0.12227403125 0.22626138281250002 0.076362984375 0.2183854296875 0.0928622671875 0.2055870046875 0.08712338593749999 0.19672655625 0.08712338593749999 0.18491262656250002 0.0304519359375 0.1716219546875 0.082819225 0.15636229375 0.0727761828125 0.1455328578125 0.02112625625 0.12288949062500001 0.06775466249999999 0.1209205015625 0.1086441890625 0.10172286562499999 0.11079626875 0.090893428125 0.1115136296875 0.06283534375 0.1115136296875 0.0475756828125 0.12012195156250001 0.0136106328125 0.125143471875 0.039699729687500004 0.1932926828125 0.13716465625000002 0.191140603125 0.1543933046875 0.1782281203125 0.18097465 0.194727403125
0 0.1411026328125 0.1897058828125 0.1391336453125 0.2019010046875 0.1775289203125 0.1968794828125 0.15488555312500002 0.1767934 0.1411026328125 0.1897058828125
0 0.2976372140625 0.3439383078125 0.2705636234375 0.34035150625 0.2183854296875 0.3439383078125 0.2001722859375 0.313091821875 0.1913118390625 0.3145265421875 0.19032734375 0.2973099 0.176544425 0.32887374375 0.148486340625 0.3532639890625 0.1411026328125 0.36474175 0.11353679531250001 0.3683285515625 0.043637706250000005 0.3833931140625 0.012133890625000001 0.3876972734375 0.050036918750000006 0.42715208125000004 0.287300025 0.379088953125 0.29468373125 0.3568507890625 0.2976372140625 0.3439383078125
0 0.34489293593750003 0.6473816359375 0.3439084421875 0.6301649921875 0.2149397 0.61294835 0.2119862171875 0.5928622671875 0.20312576875000002 0.598601146875 0.196234309375 0.5512553812500001 0.18786610937499998 0.5935796265625 0.167683978125 0.58855810625 0.16079251875 0.5691893828125 0.151439821875 0.5928622671875 0.1450406109375 0.61294835 0.049544671875 0.5993185078125001 0.018533103125 0.606492109375 0.046098942187500005 0.6301649921875 0.0524981546875 0.65240315625 0.3252030515625 0.6717718796875001 0.34489293593750003 0.6473816359375
0 0.30846665 0.9558464843750001 0.31585035625 0.9185437593750001 0.22281565312499998 0.903479196875 0.201649028125 0.8733500718749999 0.18638936718750002 0.79515781875 0.17359094218749999 0.8711979921875 0.16423824843749998 0.9013271171874999 0.0382229875 0.8798063125000001 0.025424562499999998 0.8833931140625 0 0.8957317078125 0.0013044546875 0.897740315625 0.0209943390625 0.9006097562500001 0.0288702921875 0.9257173609375 0.043145459375 0.9658895265625 0.30846665 0.9558464843750001
0 0.66485355625 0.149533715625 0.6559931078125001 0.1301649921875 0.5757568296875 0.12442611249999999 0.564435146875 0.0978837875 0.546222003125 0.08497130625 0.5280088609375 0.0777977046875 0.52013290625 0.026147776562500002 0.51816391875 0.0749282640625 0.48764459687499995 0.0720588234375 0.48518336250000005 0.0139526546875 0.4699237015625 0.04695121875 0.45810977187499996 0.0942969875 0.4433423578125 0.1258608328125 0.398547871875 0.11653515 0.3891951765625 0.13375179375 0.3503076546875 0.13733859375 0.36261383281250004 0.17535867968750002 0.36704405625000003 0.2169655671875 0.6353187296875 0.18468436093750001 0.66485355625 0.149533715625
0 0.37984248125 0.3138091828125 0.3557223734375 0.33676470625 0.3567068671875 0.3482424671875 0.3951021421875 0.343220946875 0.37984248125 0.3138091828125
0 0.5826482890625 0.318830703125 0.564435146875 0.313091821875 0.5629584046875 0.30807030156250004 0.5565591921874999 0.32026542343750003 0.5560669453125 0.327439025 0.5777258187500001 0.32528694375 0.5826482890625 0.318830703125
0 0.500443021875 0.3783715921875 0.47878414999999996 0.33532998593749996 0.46943145468749997 0.33532998593749996 0.46500123125000004 0.3109397421875 0.4758306671875 0.30304878125 0.46303224218750005 0.3008967 0.461063253125 0.270050215625 0.460078759375 0.300179340625 0.45091539062499997 0.30564231406250003 0.4546640421875 0.2843974171875 0.44777258125 0.28224533749999997 0.432512921875 0.3073529421875 0.413315284375 0.333895265625 0.4034703421875 0.352546628125 0.3439084421875 0.36474175 0.3493231609375 0.4056312765625 0.6225203046875001 0.4479555234375 0.6481171546875 0.3869799140625 0.6348264828125 0.394153515625 0.500443021875 0.3783715921875
0 0.6594388390625 0.6997489234375001 0.65845434375 0.66388091875 0.5816637953125 0.6502510765625 0.5083189765625 0.6516857968750001 0.5102879640625 0.621556671875 0.49404380937500003 0.591427546875 0.504873246875 0.56990674375 0.4832143734375 0.512517934375 0.47238493750000005 0.5591463421875 0.4467880875 0.63733859375 0.4108540484375 0.64092539375 0.3557223734375 0.6545552359375 0.38427270468749997 0.6746413203125 0.398547871875 0.6846843609375 0.4029780953125 0.7083572453125 0.6594388390625 0.6997489234375001
0 0.968077775 0.2958751796875 0.9917056359374999 0.2779411765625 0.994166871875 0.23633428906249998 0.9690622687499999 0.2054878046875 0.95527935 0.204053084375 0.9503568796874999 0.2205523671875 0.9405119375 0.222704446875 0.934112725 0.1810975609375 0.9232832890625 0.20261836406249997 0.8789810484375 0.1904232421875 0.867659365625 0.20907460625000002 0.861260153125 0.1387733140625 0.84157026875 0.11510043125 0.8317253265625 0.0806671453125 0.823849371875 0.08568866562500001 0.822864878125 0.07349354375 0.8460004921875001 0.0562769015625 0.823357125 0.0591463421875 0.82778735 0.023995695312500002 0.8051439828125 0.0268651359375 0.8105587 0.0483859390625 0.795299040625 0.051255381249999996 0.7864385921875 0.008213773437499999 0.777085896875 0.0455165 0.7573960125 0.057711621874999994 0.7815161203125001 0.06273314218750001 0.7849618515625 0.0684720234375 0.7790548859374999 0.07564562500000001 0.7583805078125 0.0691893828125 0.7519812953125 0.11510043125 0.76822545 0.119404590625 0.74361309375 0.1258608328125 0.7426286 0.158859396875 0.757888259375 0.1581420375 0.7529657890625 0.1775107609375 0.7475510703125 0.179662840625 0.7416441046875 0.1567073171875 0.7224464687500001 0.19759684375 0.7076790546875 0.20118364375 0.7007875953125 0.1904232421875 0.6756829921875 0.19759684375 0.678636475 0.2234218078125 0.704233325 0.22700860781249999 0.736721634375 0.327439025 0.9528181140624999 0.324569584375 0.968077775 0.2958751796875
0 0.9232832890625 0.5376255375000001 0.9789072109375001 0.5024748921875 0.9360817125 0.5039096125 0.8327098203125001 0.4701936875 0.797268028125 0.455846484375 0.7746246609375 0.4293041609375 0.778070390625 0.3955882359375 0.7726556734375001 0.3934361546875 0.7608417421875 0.3539813484375 0.7524735421875001 0.39702295625 0.763302978125 0.427869440625 0.7445975875 0.41926111875 0.73721388125 0.4479555234375 0.7007875953125 0.4501076046875 0.7155550093749999 0.491714490625 0.921806546875 0.5864060249999999 0.9129460984375 0.5727761828125 0.9232832890625 0.5376255375000001
0 0.4881368453125 0.9328909609375 0.610706375 0.9744978484375 0.6284272703125 0.933608321875 0.6431946843749999 0.91926111875 0.6077528921875001 0.9106527968749999 0.4689392078125 0.85756815 0.4689392078125 0.8267216640624999 0.4531873 0.798027259375 0.448264828125 0.8295911046875 0.44875707656249997 0.8425035859375001 0.38378045781250003 0.8597202296875001 0.38624169375 0.8841104734374999 0.414299778125 0.9056312765625 0.4881368453125 0.9328909609375
0 0.7062023140625 0.8518292687500001 0.796283534375 0.886262553125 0.934604971875 0.9278694406250001 0.9592173265625 0.916391678125 0.96266305625 0.8826757531249999 0.9592173265625 0.8640243906249999 0.8868570015625 0.83676470625 0.8711050953124999 0.7650286937499999 0.8607679046875001 0.7722022953125001 0.86273689375 0.8245695843749999 0.844031503125 0.8159612624999999 0.8312330796875 0.76144189375 0.8317253265625 0.7478120515625 0.80760521875 0.7463773312499999 0.8056362296874999 0.7241391671875 0.795299040625 0.6997489234375001 0.7667487078125 0.8066355812499999 0.7391828703125001 0.79874461875 0.6899581593749999 0.7815279765625001 0.672729509375 0.7858321375 0.671745015625 0.8037661406250001 0.7017720890625 0.8281563843749999 0.7062023140625 0.8518292687500001