3 0.5671875 0.5421875 0.040625 0.1234375
3 0.89375 0.521875 0.053125 0.1234375
3 0.65859375 0.48828125 0.03125 0.0734375
11 0.52109375 0.5140625 0.11796875 0.221875
11 0.61875 0.484375 0.05390625 0.1234375
3 0.8859375 0.51484375 0.0328125 0.0734375
0 0.9125 0.52578125 0.04375 0.259375
0 0.95703125 0.50078125 0.021875 0.165625
0 0.98984375 0.5765625 0.0203125 0.2890625
0 0.2046875 0.490625 0.07109375 0.2125
3 0.60546875 0.53046875 0.04921875 0.09140625
3 0.759375 0.58671875 0.215625 0.3734375
3 0.4078125 0.596875 0.20234375 0.271875