0 0.9296875 0.51328125 0.01171875 0.065625
3 0.7078125 0.50546875 0.03828125 0.053125
0 0.93359375 0.515625 0.01953125 0.0984375
0 0.94140625 0.521875 0.0234375 0.121875
13 0.809375 0.2921875 0.0125 0.0625
3 0.12734375 0.5234375 0.05390625 0.08046875
0 0.68046875 0.5390625 0.03203125 0.125
3 0.065625 0.58203125 0.1296875 0.2640625
0 0.3125 0.51171875 0.0171875 0.09296875
0 0.59453125 0.52890625 0.02578125 0.14140625
0 0.4 0.528125 0.028125 0.1515625
0 0.3578125 0.51796875 0.01796875 0.09140625
3 0.7625 0.51484375 0.11171875 0.0734375
3 0.5 0.51171875 0.10234375 0.0765625
0 0.85859375 0.53359375 0.034375 0.16640625
0 0.2625 0.5234375 0.025 0.13046875