3 0.74375 0.509375 0.04296875 0.08359375
0 0.81328125 0.45625 0.015625 0.034375
0 0.85625 0.453125 0.01875 0.0359375
3 0.759375 0.5125 0.04140625 0.08359375
11 0.68359375 0.47109375 0.07578125 0.23046875
9 0.684375 0.46953125 0.071875 0.21953125
3 0.53671875 0.4921875 0.053125 0.090625
3 0.83984375 0.5328125 0.0734375 0.12890625
0 0.49375 0.546875 0.0734375 0.30546875
3 0.78125 0.5171875 0.0765625 0.09296875
1 0.471875 0.63359375 0.13203125 0.196875
0 0.05 0.5234375 0.028125 0.18359375
7 0.146875 0.72734375 0.12890625 0.3515625
0 0.615625 0.575 0.14453125 0.48359375
3 0.92265625 0.55078125 0.153125 0.15703125
0 0.1515625 0.5703125 0.10859375 0.4484375
7 0.6109375 0.70703125 0.27421875 0.40859375
3 0.36015625 0.5265625 0.19296875 0.13359375