3 0.51328125 0.509375 0.03984375 0.065625
0 0.2875 0.521875 0.02265625 0.10703125
11 0.33671875 0.4890625 0.0984375 0.11953125
9 0.3359375 0.48984375 0.1 0.12890625
3 0.51640625 0.48828125 0.0390625 0.034375
0 0.76015625 0.51796875 0.028125 0.15859375
0 0.73203125 0.49375 0.01875 0.090625
0 0.50234375 0.521875 0.015625 0.07890625
0 0.71171875 0.4953125 0.0171875 0.0734375
0 0.0234375 0.53359375 0.046875 0.303125
0 0.90234375 0.525 0.03671875 0.2390625
0 0.925 0.51484375 0.0328125 0.25390625
3 0.25234375 0.52109375 0.0640625 0.0890625
7 0.0796875 0.8328125 0.159375 0.334375
3 0.46484375 0.51875 0.0421875 0.0765625
3 0.121875 0.565625 0.2015625 0.31796875
3 0.5515625 0.52109375 0.090625 0.078125
3 0.6625 0.565625 0.18984375 0.15