0 0.78828125 0.52265625 0.025 0.17109375
0 0.59609375 0.5609375 0.103125 0.146875
13 0.31953125 0.36640625 0.0265625 0.0890625
0 0.5953125 0.5328125 0.05703125 0.165625
7 0.596875 0.5671875 0.10703125 0.1375
3 0.546875 0.525 0.0703125 0.1140625
0 0.13671875 0.53046875 0.0328125 0.2140625
7 0.821875 0.6796875 0.071875 0.209375
0 0.1671875 0.5421875 0.03671875 0.240625
0 0.4609375 0.5140625 0.02265625 0.125
3 0.675 0.54453125 0.09921875 0.146875
0 0.21328125 0.5390625 0.05390625 0.275
0 0.81953125 0.58203125 0.0796875 0.3859375
0 0.26875 0.53046875 0.03359375 0.225
0 0.9 0.5375 0.03984375 0.225
0 0.10234375 0.546875 0.0625 0.353125