0 0.48671875 0.48828125 0.0390625 0.1125
3 0.440625 0.51640625 0.05546875 0.08359375
2 0.34375 0.41953125 0.02265625 0.04453125
0 0.45546875 0.4578125 0.025 0.059375
0 0.53671875 0.5171875 0.03671875 0.14296875
0 0.78203125 0.45390625 0.01953125 0.046875
0 0.31953125 0.509375 0.021875 0.1359375
7 0.53984375 0.56015625 0.0609375 0.1125
1 0.53828125 0.559375 0.0625 0.1140625
0 0.484375 0.5421875 0.03984375 0.19296875
7 0.48359375 0.5828125 0.040625 0.13203125
1 0.9234375 0.72890625 0.059375 0.26640625
3 0.684375 0.559375 0.18828125 0.228125
3 0.8125 0.52734375 0.07265625 0.09609375
3 0.1375 0.52734375 0.27265625 0.2265625
0 0.91875 0.56953125 0.09609375 0.4609375