0 0.68046875 0.56171875 0.01953125 0.109375
0 0.69140625 0.5640625 0.021875 0.11640625
13 0.4359375 0.3953125 0.02109375 0.115625
0 0.70234375 0.56640625 0.02421875 0.128125
13 0.8921875 0.33046875 0.02578125 0.16953125
3 0.56796875 0.5453125 0.0265625 0.03203125
0 0.79296875 0.60078125 0.021875 0.1265625
0 0.85859375 0.6109375 0.03515625 0.26640625
3 0.53671875 0.5390625 0.04140625 0.05
13 0.8265625 0.334375 0.0359375 0.16953125
0 0.3078125 0.53203125 0.01875 0.121875
13 0.8640625 0.3296875 0.0421875 0.18203125
0 0.83359375 0.615625 0.04140625 0.26953125
13 0.4140625 0.39453125 0.028125 0.1109375
9 0.62890625 0.515625 0.07734375 0.196875
0 0.7578125 0.60546875 0.03671875 0.178125
0 0.1046875 0.5453125 0.034375 0.22890625
0 0.13828125 0.55234375 0.04453125 0.2015625