0 0.30546875 0.49765625 0.01484375 0.06796875
0 0.27578125 0.47890625 0.01796875 0.08046875
3 0.04453125 0.51015625 0.05 0.07109375
3 0.3765625 0.51875 0.14765625 0.1125
3 0.08515625 0.496875 0.040625 0.075
4 0.5296875 0.54453125 0.06171875 0.171875
3 0.84140625 0.51875 0.140625 0.134375
0 0.52890625 0.60703125 0.07890625 0.50546875
0 0.43046875 0.55546875 0.04296875 0.2390625
0 0.76640625 0.584375 0.11015625 0.55
0 0.93515625 0.59765625 0.10859375 0.8015625
0 0.66796875 0.60546875 0.1125 0.675
3 0.1859375 0.62578125 0.246875 0.37890625