11 0.56484375 0.49296875 0.034375 0.071875
11 0.6140625 0.50078125 0.0515625 0.06796875
3 0.565625 0.49375 0.034375 0.07109375
1 0.45 0.5671875 0.03203125 0.115625
3 0.51171875 0.4953125 0.0703125 0.1015625
7 0.45078125 0.56875 0.03125 0.109375
3 0.6140625 0.5046875 0.05078125 0.07109375
0 0.84140625 0.528125 0.01640625 0.08359375
0 0.45 0.51953125 0.03671875 0.1640625
0 0.5296875 0.528125 0.034375 0.13046875
0 0.8125 0.515625 0.0171875 0.078125
0 0.14609375 0.509375 0.01640625 0.09453125
2 0.0296875 0.40390625 0.0359375 0.06640625
1 0.5296875 0.55859375 0.06171875 0.0859375
11 0.365625 0.51796875 0.10390625 0.196875
0 0.8796875 0.515625 0.01953125 0.10546875
0 0.1046875 0.521875 0.03203125 0.15703125
3 0.96171875 0.71328125 0.07578125 0.3484375
3 0.70390625 0.5515625 0.20078125 0.146875
3 0.23359375 0.5796875 0.22421875 0.24296875