0 0.525 0.515625 0.02109375 0.0859375
0 0.5796875 0.5171875 0.0140625 0.065625
0 0.46640625 0.51328125 0.015625 0.084375
0 0.559375 0.515625 0.0140625 0.075
3 0.70859375 0.5046875 0.034375 0.0484375
3 0.771875 0.503125 0.05703125 0.1015625
0 0.54296875 0.5140625 0.01484375 0.075
0 0.3375 0.50859375 0.0328125 0.20546875
3 0.971875 0.5625 0.0546875 0.31953125
11 0.77109375 0.503125 0.059375 0.10859375
1 0.65625 0.54453125 0.053125 0.08359375
3 0.8359375 0.5234375 0.05234375 0.078125
0 0.51796875 0.51640625 0.015625 0.0890625
3 0.91015625 0.54765625 0.0859375 0.1484375
3 0.14609375 0.59453125 0.290625 0.34140625