13 0.4421875 0.215625 0.01484375 0.0359375
1 0.878125 0.57890625 0.040625 0.1109375
7 0.7125 0.5546875 0.040625 0.0875
0 0.54921875 0.5390625 0.01328125 0.0609375
0 0.709375 0.5515625 0.03203125 0.0890625
13 0.04609375 0.3703125 0.01875 0.08203125
0 0.0078125 0.54765625 0.015625 0.1765625
3 0.17578125 0.5171875 0.03671875 0.065625
0 0.571875 0.52265625 0.0203125 0.1015625
0 0.51171875 0.52109375 0.01953125 0.11640625
0 0.84296875 0.565625 0.03359375 0.225
9 0.284375 0.47109375 0.12890625 0.328125