0 0.15 0.52890625 0.0203125 0.14140625
3 0.3109375 0.603125 0.10546875 0.725
4 0.84140625 0.4953125 0.06875 0.22109375
0 0.13046875 0.521875 0.0171875 0.14453125
3 0.38203125 0.55546875 0.1 0.2109375
0 0.92734375 0.5296875 0.01171875 0.0484375
0 0.1640625 0.534375 0.028125 0.14453125
0 0.45625 0.5390625 0.02734375 0.228125
0 0.5859375 0.53125 0.046875 0.28203125
0 0.08125 0.525 0.03203125 0.16953125
0 0.2984375 0.61171875 0.103125 0.7765625
3 0.2296875 0.54921875 0.09140625 0.134375
0 0.85546875 0.628125 0.12265625 0.73359375
0 0.71953125 0.55078125 0.053125 0.38203125
0 0.66953125 0.6140625 0.12109375 0.6109375
0 0.49765625 0.640625 0.11953125 0.709375