3 0.33203125 0.528125 0.02421875 0.08203125
1 0.11796875 0.55078125 0.02734375 0.08203125
3 0.39453125 0.515625 0.0296875 0.0515625
3 0.51875 0.503125 0.03828125 0.071875
0 0.125 0.51015625 0.021875 0.12890625
0 0.009375 0.509375 0.01875 0.18359375
3 0.42578125 0.53828125 0.028125 0.0484375
0 0.04296875 0.509375 0.034375 0.165625
13 0.36796875 0.42890625 0.015625 0.05546875
2 0.1140625 0.421875 0.034375 0.05859375
0 0.215625 0.50703125 0.0125 0.075
0 0.2 0.51015625 0.0171875 0.0734375
0 0.02734375 0.53515625 0.04453125 0.1875
0 0.11328125 0.51484375 0.02578125 0.134375
3 0.3625 0.51328125 0.04453125 0.0625
1 0.028125 0.58984375 0.05 0.1265625
0 0.66796875 0.53671875 0.040625 0.25390625
0 0.16953125 0.5125 0.01875 0.1140625
11 0.28125 0.50390625 0.08828125 0.171875
3 0.4640625 0.5359375 0.06796875 0.10546875