9 0.4640625 0.459375 0.078125 0.20390625
6 0.06484375 0.53203125 0.053125 0.275
6 0.6609375 0.52578125 0.0296875 0.134375
3 0.63125 0.478125 0.03984375 0.05
11 0.4609375 0.45546875 0.0828125 0.20546875
0 0.28515625 0.54375 0.059375 0.2734375
7 0.97734375 0.7140625 0.0453125 0.228125
1 0.41171875 0.72890625 0.04453125 0.25
7 0.2859375 0.61328125 0.065625 0.20703125
0 0.60234375 0.559375 0.04140625 0.2515625
0 0.76796875 0.56015625 0.053125 0.3125
0 0.03984375 0.603125 0.0796875 0.684375
0 0.1203125 0.52421875 0.05390625 0.3125
0 0.425 0.58203125 0.0828125 0.43046875
0 0.68359375 0.575 0.065625 0.34140625
0 0.175 0.52578125 0.06171875 0.315625
0 0.5421875 0.58984375 0.09765625 0.590625