0 0.92734375 0.578125 0.0609375 0.0984375
3 0.771875 0.5578125 0.078125 0.0375
0 0.6765625 0.5625 0.0421875 0.1109375
1 0.92578125 0.58671875 0.06015625 0.08203125
0 0.4890625 0.5484375 0.03828125 0.1140625
3 0.45625 0.546875 0.12421875 0.090625
0 0.95703125 0.5171875 0.0203125 0.08203125
0 0.92890625 0.5234375 0.03359375 0.09140625
1 0.4859375 0.58203125 0.05390625 0.078125
0 0.6734375 0.534375 0.02734375 0.096875
3 0.15859375 0.5890625 0.30625 0.43359375
7 0.92890625 0.584375 0.06875 0.090625
1 0.6765625 0.584375 0.04921875 0.07890625
13 0.5375 0.39765625 0.01875 0.06796875
11 0.159375 0.5921875 0.303125 0.4375
3 0.971875 0.609375 0.05546875 0.1875