0 0.603125 0.484375 0.01875 0.07109375
2 0.70234375 0.30703125 0.05625 0.1140625
11 0.4796875 0.44296875 0.078125 0.1859375
9 0.48046875 0.4375 0.078125 0.18046875
3 0.31640625 0.51171875 0.08359375 0.2015625
11 0.31796875 0.5109375 0.084375 0.18359375
13 0.84140625 0.2453125 0.04921875 0.1765625
0 0.715625 0.52265625 0.0234375 0.1484375
9 0.378125 0.4765625 0.065625 0.15859375
3 0.3140625 0.56796875 0.0671875 0.15
0 0.6546875 0.53203125 0.025 0.1640625
0 0.021875 0.5328125 0.03125 0.1734375
0 0.79375 0.553125 0.040625 0.33359375
3 0.159375 0.56953125 0.25703125 0.33359375
3 0.5328125 0.590625 0.18046875 0.29296875