3 0.4578125 0.5078125 0.04140625 0.04609375
1 0.30625 0.590625 0.02734375 0.1
0 0.3125 0.540625 0.090625 0.16796875
0 0.42421875 0.52890625 0.01953125 0.1
3 0.30078125 0.52890625 0.18203125 0.153125
0 0.30703125 0.546875 0.0296875 0.178125
0 0.12890625 0.52265625 0.021875 0.13203125
0 0.6125 0.52734375 0.01875 0.115625
11 0.553125 0.503125 0.0875 0.190625
9 0.55234375 0.503125 0.08671875 0.19140625
0 0.9828125 0.5 0.034375 0.15625
3 0.70703125 0.5390625 0.09921875 0.15546875
3 0.97578125 0.7203125 0.04765625 0.340625
3 0.85 0.5625 0.23671875 0.24453125