1 0.1984375 0.53671875 0.0328125 0.0734375
0 0.0953125 0.5296875 0.0234375 0.1125
0 0.28515625 0.49921875 0.0171875 0.1125
0 0.08125 0.52109375 0.01875 0.11640625
0 0.26015625 0.503125 0.021875 0.128125
0 0.16171875 0.52421875 0.02265625 0.1515625
0 0.65625 0.503125 0.0546875 0.175
0 0.4765625 0.515625 0.0515625 0.1734375
0 0.8265625 0.47890625 0.021875 0.13046875
7 0.47578125 0.5578125 0.090625 0.1234375
0 0.0359375 0.51640625 0.021875 0.121875
7 0.65625 0.52265625 0.096875 0.1484375
11 0.9359375 0.43203125 0.1265625 0.328125