0 0.47421875 0.54140625 0.0640625 0.125
11 0.53203125 0.48515625 0.03984375 0.11796875
0 0.721875 0.5390625 0.021875 0.228125
0 0.55234375 0.51796875 0.021875 0.09453125
2 0.04609375 0.36484375 0.0515625 0.10390625
0 0.58671875 0.51171875 0.015625 0.10703125
0 0.36171875 0.5703125 0.08359375 0.1265625
13 0.64375 0.43671875 0.02734375 0.08203125
13 0.63359375 0.43671875 0.0265625 0.0765625
1 0.88125 0.55625 0.0765625 0.1015625
0 0.8828125 0.521875 0.046875 0.15
0 0.359375 0.52734375 0.0453125 0.1765625
1 0.478125 0.55859375 0.065625 0.10546875
0 0.2703125 0.51796875 0.02265625 0.1359375
0 0.82265625 0.515625 0.02578125 0.13359375
0 0.6578125 0.52109375 0.02265625 0.14140625
1 0.3609375 0.58125 0.0890625 0.115625
13 0.5234375 0.196875 0.02265625 0.115625
0 0.121875 0.52734375 0.04140625 0.2375