3 0.5078125 0.49765625 0.06015625 0.06796875
3 0.87578125 0.5140625 0.05390625 0.11953125
3 0.5640625 0.53828125 0.09453125 0.1625
2 0.17734375 0.403125 0.02890625 0.0640625
3 0.70390625 0.48671875 0.0265625 0.0484375
3 0.6265625 0.50078125 0.071875 0.16796875
0 0.5953125 0.54921875 0.0453125 0.234375
2 0.0296875 0.3703125 0.0359375 0.0765625
11 0.784375 0.478125 0.13828125 0.29453125
0 0.0859375 0.5015625 0.028125 0.1640625
3 0.47734375 0.534375 0.078125 0.13203125
5 0.01484375 0.48828125 0.02890625 0.10390625
0 0.153125 0.51171875 0.02890625 0.165625
3 0.30078125 0.528125 0.17265625 0.18359375
0 0.3703125 0.5390625 0.04609375 0.2390625
0 0.415625 0.5421875 0.05859375 0.3265625
3 0.9265625 0.540625 0.14609375 0.17109375