2 0.66875 0.40546875 0.02890625 0.075
0 0.8234375 0.51640625 0.01953125 0.153125
0 0.40390625 0.521875 0.0296875 0.103125
1 0.40390625 0.559375 0.04140625 0.08046875
0 0.7703125 0.515625 0.021875 0.115625
0 0.98828125 0.52265625 0.0234375 0.26796875
13 0.38203125 0.35859375 0.01640625 0.05859375
1 0.19765625 0.54765625 0.07109375 0.090625
1 0.37109375 0.5640625 0.07578125 0.09140625
0 0.659375 0.51640625 0.0203125 0.1359375
0 0.13515625 0.52265625 0.02109375 0.1375
0 0.321875 0.521875 0.01640625 0.11640625
0 0.49140625 0.54296875 0.03359375 0.18359375
0 0.5921875 0.528125 0.028125 0.19453125
0 0.5640625 0.5328125 0.02734375 0.165625
0 0.9 0.53515625 0.03671875 0.19296875
0 0.096875 0.52890625 0.03359375 0.178125
0 0.2671875 0.5359375 0.0265625 0.18359375
0 0.6390625 0.540625 0.034375 0.2
3 0.034375 0.53515625 0.06875 0.109375