0 0.1761935765625 0.4842013890625 0.1658854171875 0.46756365781250003 0.158832465625 0.486371528125 0.1327907984375 0.5160300921875 0.1854166671875 0.5232638890625 0.1865017359375 0.483478009375 0.1761935765625 0.4842013890625
0 0.0931857640625 0.5145833328125 0.085590278125 0.52977430625 0.110004340625 0.5326678234375 0.1083767359375 0.516753471875 0.0931857640625 0.5145833328125
0 0.1761935765625 0.5710069437499999 0.1713107640625 0.558709490625 0.169140625 0.56883680625 0.1468967015625 0.5796875 0.1517795140625 0.5861979171875 0.188129340625 0.5861979171875 0.1761935765625 0.5710069437499999
0 0.2684244796875 0.42850115781250003 0.2592013890625 0.42850115781250003 0.25540364531250004 0.4567129625 0.2450954859375 0.483478009375 0.2391276046875 0.42994791718750003 0.23695746562500003 0.486371528125 0.2244791671875 0.49288194374999994 0.2109157984375 0.49866898125 0.1962673609375 0.49866898125 0.2049479171875 0.5326678234375 0.286870659375 0.533391203125 0.2884982640625 0.50445601875 0.2684244796875 0.42850115781250003
0 0.3020616328125 0.4371817125 0.2928385421875 0.49071180625000005 0.2922960078125 0.52109375 0.321050346875 0.513859953125 0.315625 0.438628471875 0.3020616328125 0.4371817125
0 0.40460069374999996 0.5051793984375 0.438237846875 0.4704571765625 0.3682508671875 0.477690971875 0.35902777812500003 0.508796296875 0.3465494796875 0.516753471875 0.3340711796875 0.540625 0.36770833281250004 0.5413483796875 0.4604817703125 0.5341145828125 0.40460069374999996 0.5051793984375
0 0.48815104218750005 0.44586226875 0.482183159375 0.42633101875 0.4702473953125 0.41837384218749996 0.4767578125 0.3822048609375 0.4691623265625 0.3713541671875 0.4572265625 0.3713541671875 0.442578125 0.39305555625 0.4458333328125 0.4227141203125 0.43878038124999996 0.424884259375 0.44149305625 0.466840278125 0.4116536453125 0.5022858796875 0.462651909375 0.536284721875 0.45125868125 0.5464120375 0.4604817703125 0.5608796296875 0.46590711875 0.561603009375 0.57549913125 0.5521990734375 0.5760416671875 0.5355613421875 0.593402778125 0.5326678234375 0.6037109375 0.5254340281250001 0.617816840625 0.51820023125 0.6161892359375 0.5008391203125 0.5966579859375 0.4234375 0.579296875 0.399565971875 0.5662760421875 0.2802083328125 0.55596788125 0.377141203125 0.548105059375 0.40439898750000003 0.51690538125 0.47552083281249996 0.5109375 0.4487557875 0.501714409375 0.47913773125 0.4865234375 0.47262731406249997 0.48815104218750005 0.44586226875
0 0.7035373265625 0.463946759375 0.68671875 0.5174768515625 0.7322916671875 0.5160300921875 0.71710069375 0.4625 0.7035373265625 0.463946759375
0 0.754535590625 0.46973379687500005 0.73446180625 0.5008391203125 0.788715278125 0.500115740625 0.7675564234375 0.45743634218749996 0.754535590625 0.46973379687500005
0 0.8342881953125 0.4328414359375 0.8250651046874999 0.43645833281249996 0.8163845484375001 0.48564814843750004 0.8120442703125 0.48709490781250003 0.8152994796874999 0.5268807875 0.837543403125 0.519646990625 0.8516493046875 0.5095196765625001 0.8342881953125 0.4328414359375
0 0.857074653125 0.4762442125 0.853276909375 0.5116898140624999 0.84296875 0.5189236109375 0.842426215625 0.5276041671875 0.8380859375 0.5594328703125 0.8760633671875 0.55726273125 0.8625 0.4762442125 0.857074653125 0.4762442125
0 0.8152994796874999 0.8343171296874999 0.8456814234375001 0.8343171296874999 0.861957465625 0.7967013890625 0.8592447921874999 0.773553240625 0.8353732640624999 0.76414930625 0.8310329859375001 0.7438946765625001 0.8196397578125 0.728703703125 0.8011935765624999 0.7113425921875 0.78817274375 0.6693865734375 0.78546006875 0.6766203703125 0.774066840625 0.6751736109375 0.7762369796875 0.6541956015625 0.78817274375 0.6462384265625001 0.7762369796875 0.6086226859375 0.77081163125 0.636834490625 0.7664713546875 0.636834490625 0.76375868125 0.6780671296875 0.755620659375 0.67445023125 0.744769965625 0.6961516203125 0.7404296875 0.7395543984375 0.735546875 0.75546875 0.7230685765625 0.7713831015625 0.7143880203124999 0.7981481484375 0.7187282984375 0.821296296875 0.77569444375 0.821296296875 0.798480903125 0.80321180625 0.8152994796874999 0.8343171296874999