0 0.24255298593750002 0.6442074609375 0.2338824671875 0.63631865 0.2844605015625 0.607632065625 0.3104720609375 0.5710566703125 0.327813103125 0.5222894765625 0.319624278125 0.4376640515625 0.2969845859375 0.3989371625 0.25700385312499996 0.36666475468750004 0.2647109828125 0.3759878953125 0.260375721875 0.5280267921874999 0.23966281406249998 0.5954402671875 0.22762042343750002 0.5402185921875 0.21846820781249998 0.616238040625 0.205462428125 0.628429840625 0.1963102109375 0.634884321875 0.18667630156249998 0.6097835593750001 0.25122350625 0.30570576250000003 0.2623025046875 0.2081713734375 0.220394990625 0.4218864296875 0.2069075140625 0.44627002656250003 0.11538535624999999 0.634884321875 0.056618496875 0.6456417906249999 0.0884104046875 0.6685910578125001 0.21124277343750003 0.6671567296875 0.24255298593750002 0.6442074609375
0 0.612976878125 0.652096271875 0.6283911359375 0.6334499921875001 0.616348746875 0.6269955109375001 0.6539210015625 0.6155208765625 0.6895664734375 0.5803798109375 0.7054624281249999 0.5359156046875 0.7126878609375 0.4706536234375 0.702090559375 0.41256329062499997 0.674152215625 0.3838767046875 0.647658959375 0.3602102734375 0.6471772640625 0.49862304375 0.627909440625 0.578228315625 0.584556840625 0.620541028125 0.5652890171875 0.6255611812499999 0.59226396875 0.5022088671875 0.6380250484375 0.318614725 0.6418786125 0.24331244062500001 0.644287090625 0.2110400328125 0.5961175328125 0.4376640515625 0.4891811171875 0.61695520625 0.559026975 0.6140865468750001 0.5556551062499999 0.637035815625 0.472321771875 0.6312984984375001 0.43474951875 0.63631865 0.46027938281249997 0.6614194125 0.5619171484375001 0.6650052359374999 0.612976878125 0.652096271875
0 0.8962138718749999 0.605480571875 0.906811175 0.605480571875 0.909219653125 0.5624506953124999 0.8962138718749999 0.605480571875
0 0.750260115625 0.605480571875 0.7724181109375 0.6061977375 0.76085741875 0.5667536828124999 0.750260115625 0.605480571875
0 0.7175048171875 0.6069149 0.7102793828125 0.571773834375 0.7044990359375001 0.6040462437499999 0.7276204234375 0.610500725 0.722321771875 0.5861171281249999 0.7175048171875 0.6069149
0 0.7839788046875 0.603329078125 0.8003564546874999 0.60476340625 0.7912042390625 0.58755145625 0.7839788046875 0.603329078125
0 0.808063584375 0.60476340625 0.8138439312499999 0.6061977375 0.8123988437499999 0.588268621875 0.808063584375 0.60476340625
0 0.8215510593750001 0.60189475 0.8302215796875 0.6040462437499999 0.8268497109374999 0.5839656343749999 0.8215510593750001 0.60189475
0 0.9284874765625 0.607632065625 0.94004816875 0.59974325625 0.9333044312500001 0.581096975 0.9284874765625 0.607632065625
0 0.31239884375 0.610500725 0.32347784218750003 0.607632065625 0.31914258125 0.5753596578125 0.31239884375 0.610500725
0 0.097080925 0.6097835593750001 0.11586705156249999 0.6097835593750001 0.10767822812500001 0.5703395062500001 0.097080925 0.6097835593750001
0 0.291685934375 0.6097835593750001 0.3071001921875 0.610500725 0.299874759375 0.5839656343749999 0.291685934375 0.6097835593750001