0 0.115687403125 0.6129943515625 0.1233678953125 0.551020409375 0.047043010937500004 0.7427072515625001 0.0547235015625 0.666320765625 0.050883256249999995 0.610111840625 0.042722734375 0.5553441718750001 0.031201996875 0.7066758906249999 0.020161290625 0.74775164375 0.024961596875 0.7607229328125 0.048483103124999996 0.761443559375 0.115687403125 0.6129943515625
0 0.1228878640625 0.757119796875 0.16513056718750002 0.561829815625 0.162250384375 0.5301222171875 0.11328724999999999 0.7081171453125 0.1257680484375 0.661997003125 0.12048771093749999 0.613714978125 0.10368663593750001 0.7383834890625 0.0696044546875 0.7362216078125 0.07392473125 0.741986625 0.0830453140625 0.762884815625 0.1228878640625 0.757119796875
0 0.19345238125 0.759281678125 0.1809715828125 0.7275740796875 0.21841397968749998 0.6122737234375 0.21409370156250002 0.6007436875 0.1828917046875 0.68361581875 0.195852534375 0.561829815625 0.1867319515625 0.5257984546875 0.1646505375 0.73550098125 0.1497695859375 0.7412659968749999 0.1531298 0.7578404234375 0.19345238125 0.759281678125
0 0.2270545328125 0.734780353125 0.2692972359375 0.6447019484375 0.28897849531249997 0.5841692609375 0.2827380953125 0.5394903734375001 0.2251344078125 0.7016315015625 0.2289746546875 0.6295687765625 0.22561443906249998 0.6043468234375 0.21073348749999998 0.7326184718750001 0.1939324109375 0.72829470625 0.1982526890625 0.7607229328125 0.23233486874999998 0.7556785421875001 0.2318548390625 0.7405453703125 0.2270545328125 0.734780353125
0 0.3364957875 0.641780603125 0.355697015625 0.544495928125 0.350416678125 0.5257596203125 0.283212378125 0.72321148125 0.27313173281249997 0.7203289703125 0.271691640625 0.7484334328125 0.3148944046875 0.7455509250000001 0.3014535453125 0.7268146171875001 0.3364957875 0.641780603125
0 0.3792242703125 0.7304565890625 0.39698540625 0.6151562328125 0.3998655921875 0.5272397093750001 0.3672235015625 0.7174853 0.3417818734375 0.726853453125 0.349942396875 0.7578404234375 0.377784178125 0.749913525 0.3873847921875 0.7304565890625 0.3792242703125 0.7304565890625
0 0.4080261125 0.7318978453125 0.4358678953125 0.6410988140625 0.44114823437500006 0.5416522546875 0.43298771093750005 0.5121065375 0.389784946875 0.7225296906249999 0.37682411562499996 0.7542372875 0.42146697343749995 0.75207540625 0.4080261125 0.7318978453125
0 0.4665898609375 0.7174853 0.4392281109375 0.731177215625 0.4473886328125 0.75639916875 0.4833909375 0.7542372875 0.5280337937499999 0.5358872375 0.4665898609375 0.7174853
0 0.5765168968750001 0.551020409375 0.5630760375 0.7001902453125 0.55203533125 0.718205928125 0.5357142859375 0.729015334375 0.5395545328125 0.74414850625 0.5688364046875 0.7448691328125 0.5808371734375 0.5877723968749999 0.5765168968750001 0.551020409375
0 0.691244240625 0.6007436875 0.6802035328125 0.6728064109375 0.6547619046875 0.726132825 0.6346006140625 0.7232503171875 0.655721965625 0.7138821625 0.702764978125 0.4998558734375 0.6816436265625 0.5719185984374999 0.6696428562500001 0.6367750484375 0.6398809515625 0.6937046 0.62980030625 0.72397094375 0.5861175109375 0.7275740796875 0.5966781875 0.75639916875 0.6686827953125001 0.7600023046875 0.691244240625 0.6728064109375 0.691244240625 0.6007436875
0 0.8755760374999999 0.5257984546875 0.8664554531249999 0.4508532234375 0.849174346875 0.68361581875 0.84053379375 0.7304565890625 0.8050115203124999 0.7275740796875 0.7987711203125001 0.7405453703125 0.8050115203124999 0.7535166609374999 0.85829493125 0.7636054437500001 0.8784562203125 0.685057071875 0.8755760374999999 0.5257984546875