0 0.136013109375 0.6453053 0.1442066703125 0.6611463125 0.1895122421875 0.6611463125 0.19192211406249998 0.6366647453125001 0.1658955078125 0.6381048390624999 0.1586658953125 0.6179435484375 0.1374590328125 0.3832085265625 0.1249277046875 0.43361175156250004 0.1196259875 0.509216590625 0.12348178125 0.6316244234374999 0.15191825781249998 0.6201036875 0.156256025 0.6381048390624999 0.136013109375 0.6453053
0 0.16878735312499998 0.5855414734375 0.197223828125 0.5970622109375 0.21409292500000002 0.5740207374999999 0.1952959328125 0.5776209671875 0.197223828125 0.5617799531250001 0.18613842187500002 0.3652073734375 0.15191825781249998 0.484735021875 0.1528822046875 0.5567396312499999 0.18806632031249998 0.5588997703125 0.16878735312499998 0.5855414734375
0 0.2116830546875 0.4026497703125 0.201079621875 0.51065668125 0.2116830546875 0.5279377890625 0.23144399531249998 0.5272177421875 0.2116830546875 0.4026497703125
0 0.335068440625 0.6762672796875 0.2974744546875 0.661866359375 0.31096973125 0.275921659375 0.2810873328125 0.3515264984375 0.2796414109375 0.41921082812500005 0.26277231562500003 0.633064515625 0.26084441875 0.666186634375 0.27482166874999997 0.698588709375 0.32783882656249996 0.69930875625 0.335068440625 0.6762672796875
0 0.36543281250000004 0.5891417062500001 0.3779641421875 0.3594470046875 0.3509735890625 0.412730415625 0.3538654328125 0.36160714375 0.32928475 0.42497119687499996 0.3085598609375 0.536578340625 0.3360323890625 0.5617799531250001 0.3225371125 0.5783410140624999 0.36543281250000004 0.5891417062500001
0 0.5100250625 0.7533122109375 0.49604781249999996 0.7245103687500001 0.45845382656250006 0.7338709671875 0.43724696406249997 0.7237903218749999 0.47002120625000005 0.2427995390625 0.439656834375 0.3580069140625 0.4020628484375 0.7245103687500001 0.4213418171875 0.7583525343749999 0.5100250625 0.7533122109375
0 0.58569500625 0.7929147453125001 0.6705224609375 0.7878744234374999 0.6791979953125 0.7734735015624999 0.656545209375 0.7662730421874999 0.6372662421874999 0.7741935484375 0.6064198953125 0.7749135953125 0.594370540625 0.7684331796875 0.6155774046875 0.705069125 0.627626759375 0.20535714375 0.60063620625 0.3328053 0.577019471875 0.673387096875 0.57171775625 0.7583525343749999 0.58569500625 0.7929147453125001
0 0.6753422015625 0.4746543765625 0.6767881234375 0.306883640625 0.6608829765625 0.360887096875 0.656063234375 0.29896313281250003 0.6314825515625 0.5394585265625 0.6387121640625 0.6294642859375 0.667630615625 0.6229838703125 0.6753422015625 0.4746543765625
0 0.7129361859375 0.5524193546875 0.74474648125 0.3508064515625 0.7273954109375 0.3911290328125 0.70185078125 0.4940956234375 0.6979949875 0.5740207374999999 0.750530171875 0.5776209671875 0.7399267390625 0.5617799531250001 0.7129361859375 0.5524193546875
0 0.78089454375 0.575460828125 0.8237902437500001 0.5733006921875 0.826200115625 0.5661002296875 0.796799690625 0.568980415625 0.7963177171875 0.5372983875 0.7837863890625 0.35872695781249997 0.7625795265625 0.548099078125 0.79197995 0.54305875625 0.79197995 0.5668202765625 0.78089454375 0.575460828125
0 0.8358395984375001 0.5552995390625 0.8247541937499999 0.5675403218749999 0.8753614796875 0.5661002296875 0.8425872375000001 0.5567396312499999 0.8377674953125 0.5358582937499999 0.82427221875 0.36160714375 0.8131868140625 0.4559331796875 0.808367071875 0.534418203125 0.8165606328124999 0.54305875625 0.8329477546874999 0.5394585265625 0.8358395984375001 0.5552995390625