0 0.076840325 0.58887864375 0.07155755312499999 0.537651759375 0.046584448437499995 0.5615576375 0.025933609375 0.567534109375 0.0240126015625 0.579487046875 0.0240126015625 0.5871710796875 0.076840325 0.58887864375
0 0.21515291250000002 0.6699878765625 0.2271592125 0.6682803125000001 0.204107115625 0.5769257031249999 0.1676079609375 0.6008315828125 0.1402335953125 0.6768181281250001 0.151279390625 0.69560131875 0.2141924078125 0.699870225 0.21515291250000002 0.6699878765625
0 0.08548486250000001 0.63242149375 0.0681957890625 0.6315677140625 0.08116259375 0.645228215625 0.1003726765625 0.645228215625 0.08548486250000001 0.63242149375
0 0.0158483171875 0.6315677140625 0.0446634390625 0.62900636875 0.0297756265625 0.6196147734374999 0.0158483171875 0.6315677140625
0 0.0144075609375 0.62046855625 0.020650837499999998 0.6102231796875001 0.00144075625 0.59400133125 0.0033617640625 0.6042467078125 0.0009605046875 0.6170534296875 0.0144075609375 0.62046855625
0 0.3049600421875 0.7510971093750001 0.3145650828125 0.757927359375 0.33041339999999997 0.7553660171875001 0.32753188906249997 0.7365828249999999 0.31888735156250003 0.6153458656249999 0.3184071 0.6665727515625 0.3164860921875 0.7229223234375 0.3049600421875 0.7510971093750001
0 0.21755417187499998 0.6170534296875 0.4432726296875 0.6238836812499999 0.44087136875 0.5957088953125 0.489857078125 0.55387360625 0.4499961578125 0.5624114203125 0.45143691406249997 0.5496047 0.46440371875 0.5513122609375001 0.45671968593749995 0.5299677265625 0.475449515625 0.538505540625 0.48265329687499997 0.5154534421875 0.467765484375 0.4975240328125 0.4269440609375 0.4001929546875 0.4043722140625 0.26188036875 0.3755570921875 0.25931902500000004 0.369313815625 0.2166299546875 0.3673928078125 0.25078120937500004 0.342899953125 0.26529549375 0.3328146609375 0.3523811953125 0.31600584062500003 0.2524887734375 0.30207853125 0.2524887734375 0.2857499625 0.22175264218750002 0.282388196875 0.2541963359375 0.266059628125 0.2567576796875 0.254533578125 0.31139968906250004 0.249731059375 0.3745795125 0.2338827421875 0.2610265859375 0.20794913125 0.2644417125 0.20506761875 0.2328518 0.1978638390625 0.26529549375 0.17865375625 0.2712719625 0.16376594375 0.35323497812500004 0.1565621640625 0.48898622031250005 0.152720146875 0.500085378125 0.14791762656250002 0.2576114609375 0.1411940984375 0.46166521562499996 0.1152604890625 0.41897614531249994 0.093649146875 0.5658265453125 0.1167012453125 0.5931475515625 0.1690487171875 0.6016853640625001 0.20506761875 0.570095453125 0.21755417187499998 0.6170534296875
0 0.6190448749999999 0.5982702390625 0.591670509375 0.5649727640625 0.5767826953124999 0.567534109375 0.5657368984375 0.599977803125 0.6382549562500001 0.6179072125 0.6392154609375 0.5948551125 0.6190448749999999 0.5982702390625
0 0.5465268171875 0.8859945703125 0.5153104359375 0.861234909375 0.5023436296875 0.823668528125 0.5037843859375 0.8330601234375001 0.4970608578125 0.861234909375 0.47833102812500006 0.8928248203125 0.5105079140625 0.8911172593750001 0.5465268171875 0.8859945703125
0 0.8053826640624999 0.6179072125 0.8183494703124999 0.6136383046875 0.8221914859374999 0.606808053125 0.8111456890625 0.6059542718750001 0.80634316875 0.5154534421875 0.8010603968750001 0.5333828515625 0.7957776234375 0.611930740625 0.8053826640624999 0.6179072125
0 0.93889273125 0.603392928125 0.9110381125 0.5069156296874999 0.9124788687500001 0.5393593234375 0.90047256875 0.535090415625 0.8932687874999999 0.48215596875 0.86829568125 0.5991240203125 0.8779007218749999 0.6136383046875 0.927846934375 0.6196147734374999 0.93889273125 0.603392928125
0 0.9533002921874999 0.5982702390625 0.9533002921874999 0.680233253125 0.9312086984375 0.683648378125 0.9408137390625001 0.7049929140625 0.9672276 0.7024315703124999 0.9566620562500001 0.6759643453125 0.9533002921874999 0.5982702390625
0 0.9960427234375 0.5461895734375 0.9605040734375001 0.49069378124999996 0.9436952515625 0.534236634375 0.9292876890624999 0.538505540625 0.9340902109375 0.5547273875000001 0.976352390625 0.553019825 0.9960427234375 0.5461895734375
0 0.8039419078125001 0.6768181281250001 0.82987551875 0.66571896875 0.7972183796875 0.6665727515625 0.8039419078125001 0.6768181281250001
0 0.8519671125 0.6230298984375 0.8524473640625001 0.63242149375 0.880782234375 0.62900636875 0.8692561859374999 0.6144920859375 0.8519671125 0.6230298984375