0 0.0889038453125 0.4550566625 0.055730768750000007 0.3391569375 0.0379423078125 0.41105769218750005 0.0316923078125 0.41427712968749997 0.023038462500000002 0.3198403171875 0.01823076875 0.40676510937500004 0.0076538453125 0.41427712968749997 0.0028461546875 0.5183722515625 0.083615384375 0.5119333796875 0.0889038453125 0.4550566625
0 0.09707692343749999 0.56344436875 0.183134615625 0.5591517859375 0.1855384625 0.478665865625 0.1639038453125 0.472226990625 0.1634230765625 0.4035456734375 0.133615384375 0.38208276093750004 0.108615384375 0.4293011671875 0.099 0.472226990625 0.0908269234375 0.48725103125 0.09707692343749999 0.56344436875
0 0.301884615625 0.46042239062499996 0.29226923125000004 0.374570740625 0.2884230765625 0.4593492453125 0.27255769218750003 0.46149553593750003 0.271115384375 0.43466689531249997 0.2615 0.43037431249999997 0.246115384375 0.362766140625 0.2384230765625 0.41856971249999997 0.22880769218750002 0.43037431249999997 0.214865384375 0.4936899046875 0.22496153749999998 0.5387620203125 0.3129423078125 0.5409083109374999 0.31678846250000003 0.46578811875000004 0.301884615625 0.46042239062499996
0 0.3826538453125 0.394960509375 0.345634615625 0.4411057703125 0.321115384375 0.442178915625 0.3249615375 0.4711538453125 0.3913076921875 0.45720295312500003 0.3946730765625 0.43252060468750003 0.3826538453125 0.394960509375
0 0.47496153750000003 0.421789146875 0.4595769234375 0.3434495203125 0.4355384625 0.43252060468750003 0.42448076874999996 0.44432520468750003 0.4283269234375 0.504421359375 0.47880769218749997 0.507640796875 0.48457692343750003 0.4411057703125 0.47496153750000003 0.421789146875
0 0.39948076875 0.4464714984375 0.39996153749999996 0.4636418265625 0.41823076875 0.46686126406249995 0.41823076875 0.44325206093749997 0.39948076875 0.4464714984375
0 0.50476923125 0.40461881875000005 0.49659615468749996 0.41856971249999997 0.48746153750000004 0.4400326234375 0.4816923078125 0.48725103125 0.5163076921875 0.4883241765625 0.5196730765625001 0.45612980781249995 0.5129423078124999 0.4260817296875 0.50476923125 0.40461881875000005
0 0.5639038453125 0.37779017812500004 0.551884615625 0.431447459375 0.5408269234375 0.4400326234375 0.54851923125 0.46578811875000004 0.5754423078124999 0.47008070156250004 0.577365384375 0.43252060468750003 0.5639038453125 0.37779017812500004
0 0.59226923125 0.41749656718750006 0.5783269234375 0.40998454687499997 0.58025 0.46256868124999995 0.6052500000000001 0.47008070156250004 0.608615384375 0.442178915625 0.5917884625000001 0.3788633234375 0.59226923125 0.41749656718750006
0 0.7038076921875 0.5366157281249999 0.6691923078124999 0.539835165625 0.6701538453125 0.551639765625 0.69948076875 0.5505666203125 0.7038076921875 0.5366157281249999
0 0.9316923078125001 0.5570054953125 0.95476923125 0.45612980781249995 0.921115384375 0.4464714984375 0.9134230765625 0.3574004125 0.9090961546875 0.43466689531249997 0.8643846156249999 0.37242445156250004 0.8778461546875 0.43895947812499997 0.8480384624999999 0.4464714984375 0.8461153843749999 0.486177884375 0.83073076875 0.4904704671875 0.8278461546875 0.44861778750000003 0.820634615625 0.45183722499999995 0.8187115374999999 0.48725103125 0.8023653843749999 0.49154361093750004 0.799 0.44432520468750003 0.789865384375 0.45291037031250003 0.7941923078124999 0.41427712968749997 0.7821730765625 0.38637534375000004 0.7571730765625 0.34666895468750003 0.7413076921874999 0.3842290515625 0.72448076875 0.40247252656250004 0.7119807687499999 0.45612980781249995 0.7090961546875 0.4904704671875 0.696115384375 0.5012019234375 0.7028461546875 0.5248111265625 0.71823076875 0.5366157281249999 0.7119807687499999 0.551639765625 0.9316923078125001 0.5570054953125
0 0.9889038453125 0.40032623593750005 0.983615384375 0.43895947812499997 0.976884615625 0.40461881875000005 0.9773653843749999 0.4464714984375 0.9639038453125 0.45612980781249995 0.9687115374999999 0.4829584484375 0.999 0.48081215625 0.999 0.39955357187499996 0.9889038453125 0.40032623593750005
0 0.66198076875 0.41856971249999997 0.6470769234375 0.43252060468750003 0.6259230765625 0.40032623593750005 0.6139038453125 0.4271548765625 0.6134230765625001 0.46686126406249995 0.676884615625 0.46256868124999995 0.66198076875 0.41856971249999997
0 0.7014038453125 0.43681318750000003 0.6816923078125 0.45291037031250003 0.6855384625000001 0.46471497343749996 0.7100576921874999 0.4593492453125 0.7115 0.4378863328125 0.7014038453125 0.43681318750000003
0 0.8158269234375 0.3992530921875 0.8042884625 0.445398353125 0.8105384625 0.45720295312500003 0.8417884625 0.4636418265625 0.8437115374999999 0.43359375 0.8158269234375 0.3992530921875